2392 1 1 1 0 0 0 1 1 1 1 0 0 1 1 1 0 0 1 1 1 1 1 0 0 1 1 1
1552 1 1 1 1 1 0 1 1 1 1 0 0 1 1 1 0 0 1 0 1 1 1 1 0 1 1 1
2385 0 0 1 1 1 1 1 1 1 1 0 0 1 1 0 0 1 1 1 1 1 0 0 1 1 1 1
2487 0 1 1 1 1 1 0 1 1 1 0 0 1 1 1 1 1 1 1 1 1 1 1 0 1 0 0
1585 1 1 0 1 1 0 0 0 1 1 0 0 1 0 0 1 1 0 0 1 1 1 1 0 1 1 0
2436 1 1 1 1 1 0 1 1 1 1 1 0 1 1 1 0 0 0 1 1 1 1 1 0 1 1 1
963 1 1 1 1 1 1 1 1 1 1 1 0 1 1 1 0 0 0 1 1 1 1 1 0 1 1 0
2733 -99 -99 -99 1 1 1 1 1 1 1 1 1 1 1 1 0 0 0 1 1 1 1 0 0 1 1 1
1213 0 1 1 1 1 0 1 1 0 1 1 0 1 1 1 0 1 1 1 1 1 1 1 0 1 1 0
2374 1 1 0 1 0 0 1 1 1 1 1 0 0 1 1 0 0 0 1 1 1 0 0 0 1 1 0
2268 1 1 0 1 1 0 0 1 1 1 1 1 0 1 1 0 0 0 0 1 1 1 1 0 1 1 1
1593 1 1 1 1 1 0 1 1 0 1 0 0 1 1 1 0 0 0 0 1 1 0 0 0 1 1 1
1093 1 1 1 1 1 1 0 0 0 0 0 0 1 0 0 1 1 0 1 1 1 0 1 1 0 1 1
2006 0 0 1 0 0 0 1 1 0 1 0 0 1 1 0 1 0 0 1 1 1 1 1 1 0 1 1
1137 0 1 1 0 0 0 1 1 1 1 1 1 0 1 1 0 0 0 1 1 1 0 0 0 1 1 1
1705 1 1 1 1 1 1 1 1 1 1 1 1 1 1 1 1 1 1 1 1 1 0 0 1 1 1 1
1157 1 1 1 1 1 0 1 1 1 1 0 0 1 1 1 0 1 1 1 1 1 1 1 0 1 1 1
136 0 1 1 1 1 0 0 0 1 0 0 0 1 1 1 0 1 1 1 1 1 0 1 1 1 1 1
561 0 1 1 0 0 1 1 1 1 0 0 0 1 1 1 0 0 0 0 0 1 0 1 1 1 1 1
1362 0 1 1 0 0 0 1 1 1 1 0 0 1 1 1 0 0 0 1 1 1 1 0 0 1 1 1
372 0 1 1 1 1 0 1 1 1 1 0 0 1 1 1 0 0 0 0 0 1 0 0 0 1 1 1
1922 0 1 1 0 0 0 1 1 0 1 0 0 1 1 1 0 0 0 1 1 1 0 0 0 1 1 1
1070 1 1 1 1 1 1 1 1 1 1 0 0 1 1 0 1 1 0 1 1 1 1 1 0 1 1 0
2168 0 0 1 1 0 0 1 1 1 1 0 0 1 1 0 0 0 0 1 1 1 0 0 0 0 1 1
1833 1 1 1 1 1 1 0 0 1 1 1 1 0 1 1 0 0 0 1 1 1 1 1 1 1 1 1
2291 0 1 1 1 1 0 1 1 1 1 0 0 1 1 0 0 0 0 1 1 1 0 1 1 1 1 1
257 1 1 1 1 0 0 0 0 1 1 1 0 0 1 1 0 0 0 0 1 1 0 0 1 1 1 0
624 0 1 1 1 0 0 1 1 1 1 0 0 1 1 1 1 1 1 1 1 1 0 0 0 1 1 1
2242 0 1 1 1 1 0 0 0 1 0 0 0 1 1 1 0 0 0 0 1 1 1 1 1 1 1 1
153 0 1 1 1 1 0 1 1 1 1 0 0 1 1 1 0 1 1 1 1 1 0 0 1 1 1 1
304 0 1 1 1 0 0 1 1 1 1 0 0 1 1 0 0 0 0 1 1 1 1 1 0 1 1 1
1575 0 1 1 1 1 0 1 1 1 1 1 0 1 1 1 0 0 0 1 1 1 1 1 1 1 1 0
1621 0 1 1 0 0 1 0 1 1 0 0 0 0 0 1 1 0 0 1 1 1 0 0 1 1 1 1
1923 1 1 1 1 0 0 1 1 0 1 1 0 0 0 1 0 0 1 1 1 1 0 0 0 1 1 0
1435 1 1 1 1 0 0 1 1 1 1 1 0 0 1 1 0 0 1 1 1 1 1 1 0 1 1 1
1567 1 1 0 1 0 0 0 1 1 1 1 0 1 1 1 0 0 1 1 1 1 0 1 1 0 1 1
1243 0 1 1 1 1 0 1 1 1 1 0 0 1 1 1 0 0 0 1 1 1 1 1 0 1 1 1
2635 1 0 0 1 1 0 0 0 0 0 1 1 0 0 0 1 1 0 1 1 0 1 1 0 0 1 1
1380 0 0 1 1 1 0 0 0 1 1 1 0 1 1 1 1 0 0 1 1 1 0 0 1 1 1 1
2550 0 1 1 1 0 0 1 1 0 1 0 0 1 1 1 0 0 0 1 1 0 0 0 0 1 1 1
2615 0 0 1 0 0 0 0 0 1 1 1 0 1 0 0 1 0 0 1 0 0 0 1 1 1 1 1
193 1 1 1 1 1 1 1 1 0 1 1 0 0 1 1 0 1 1 1 1 1 1 0 0 1 1 1
1481 0 1 1 1 1 0 1 1 1 1 0 0 1 1 0 0 1 1 1 1 0 1 1 0 1 1 0
1969 0 1 1 1 1 0 0 0 1 0 0 1 0 1 1 0 0 1 0 0 1 1 1 0 1 1 0
828 0 1 1 1 0 0 0 1 1 1 0 0 0 1 1 0 0 1 1 1 1 0 0 1 1 1 1
437 0 1 1 1 1 1 1 1 0 1 0 0 1 1 1 0 0 1 1 1 1 0 0 1 1 1 1
2527 1 0 0 0 0 0 0 1 1 0 0 1 0 0 1 0 1 1 0 1 1 0 1 1 0 1 1
2586 0 1 1 1 1 0 1 1 1 1 1 0 1 1 0 0 0 1 1 1 1 1 1 0 1 1 0
2197 1 1 1 1 1 0 1 1 1 1 0 0 1 1 1 1 0 0 1 1 1 0 0 0 0 1 1
219 1 1 1 1 0 0 0 0 1 1 0 0 1 1 1 0 0 0 1 1 0 0 0 1 1 1 1
1519 0 1 1 1 1 1 1 1 1 1 0 0 1 1 1 0 0 1 1 1 1 1 0 0 0 0 0
2763 0 1 1 1 1 0 1 1 1 1 1 0 1 1 1 0 0 1 0 1 1 1 1 1 1 1 1
1150 1 1 1 1 1 0 1 1 0 1 0 0 1 1 1 0 0 0 1 1 1 0 1 1 1 1 1
1887 0 1 1 1 1 0 1 1 0 1 1 0 1 1 1 0 0 1 0 1 1 1 1 0 1 1 0
2800 1 1 1 1 1 1 1 1 1 1 1 1 1 1 1 0 0 1 0 0 0 0 0 1 0 1 1
2240 1 1 1 1 1 1 1 1 0 1 1 0 0 1 1 0 0 0 1 1 1 0 1 1 1 1 1
1988 0 1 1 1 1 0 1 1 1 1 0 0 1 0 0 0 0 1 1 1 1 1 1 0 1 1 0
646 1 1 1 0 0 0 1 1 1 1 0 0 1 1 1 0 1 1 1 1 1 1 1 1 0 1 1
788 0 1 1 1 1 0 1 1 1 1 0 0 1 1 1 0 0 1 1 1 1 1 1 0 1 1 0
1471 1 1 0 1 0 0 1 1 1 1 0 0 1 1 1 0 0 1 0 0 1 0 0 1 1 1 0
2613 0 0 1 0 1 1 1 1 1 1 0 0 1 1 1 0 0 0 1 1 1 0 0 0 1 1 1
1674 0 1 1 0 0 0 1 1 1 1 0 0 1 1 0 0 0 0 1 1 1 0 0 1 1 1 1
639 1 1 1 1 1 0 1 1 1 1 0 0 1 1 1 0 0 1 1 1 1 0 0 1 1 0 0
880 1 1 0 1 1 0 1 1 1 1 0 0 1 1 1 0 0 0 1 0 0 0 0 0 0 1 1
731 1 1 0 1 0 0 1 1 0 1 1 0 0 1 1 1 1 0 1 1 1 0 0 0 0 1 1
934 1 1 0 1 0 0 1 1 1 1 0 0 1 1 1 0 0 0 0 1 1 1 0 0 1 1 1
1721 0 1 1 1 1 0 1 1 0 0 0 0 1 1 0 0 0 0 0 1 1 0 0 0 1 1 1
2536 0 1 1 1 0 0 1 1 0 1 0 0 1 1 0 1 1 1 0 1 1 1 0 0 0 1 1
2747 0 1 1 1 0 0 1 1 1 1 0 0 1 1 1 0 0 1 1 1 1 0 0 0 1 1 1
815 0 1 1 1 1 0 1 1 0 1 0 0 1 1 1 1 1 1 1 1 1 1 1 0 1 1 1
915 1 1 0 1 1 0 1 1 1 1 1 0 1 1 1 0 0 0 1 1 1 1 0 0 1 1 1
496 1 1 1 1 1 0 1 1 0 1 0 0 0 0 1 0 0 0 1 1 1 1 0 0 1 1 1
550 1 1 1 1 1 0 1 1 0 1 1 0 1 1 0 0 1 1 1 1 1 1 1 0 1 1 0
944 0 1 1 1 1 0 1 1 1 0 0 1 0 1 1 1 0 0 1 1 1 1 1 1 0 1 1
1580 1 1 1 1 1 0 0 0 1 1 1 0 1 1 0 0 1 1 1 1 1 1 1 0 1 1 1
2048 1 1 0 1 1 1 0 0 0 0 0 1 0 1 1 0 0 0 1 1 1 0 1 1 1 1 0
739 0 1 1 1 1 0 1 1 1 1 1 0 1 1 1 1 1 0 1 1 1 1 1 1 1 1 0
536 0 0 1 0 0 0 1 1 1 1 0 0 1 1 1 0 0 1 0 0 1 1 0 0 1 1 0
1837 1 1 1 1 1 1 1 1 1 1 1 0 1 1 1 1 0 0 1 1 1 1 1 0 1 1 1
2104 1 1 1 0 0 0 1 1 1 1 1 0 0 0 1 0 0 0 1 1 0 1 0 0 1 1 1
200 1 1 1 1 1 0 1 1 1 1 0 0 1 1 1 0 0 0 1 1 1 1 1 0 1 1 1
2535 0 1 1 1 1 1 1 1 0 1 0 0 1 1 1 0 0 0 1 1 1 1 1 0 1 1 1
221 1 1 1 0 0 0 1 1 1 0 0 0 0 0 1 0 0 0 1 1 1 0 0 1 0 1 1
365 0 1 1 1 1 0 1 1 0 1 1 1 0 0 0 0 0 1 0 1 1 1 0 0 1 1 1
1763 0 1 1 1 1 0 1 0 0 0 1 1 1 1 1 0 0 0 1 1 1 1 1 1 0 0 0
823 1 1 1 1 1 0 1 1 1 1 1 1 1 1 0 0 0 1 0 1 1 1 1 0 1 1 0
1916 1 1 1 1 1 0 1 1 0 1 0 0 1 1 1 0 0 1 0 1 1 1 1 1 1 1 0
284 1 1 1 1 0 0 1 1 1 -99 -99 -99 0 1 1 0 0 1 1 1 1 1 1 0 1 1 1
2342 0 1 1 1 0 0 1 1 1 1 0 0 0 1 1 0 0 1 1 1 1 1 1 0 1 1 1
580 0 1 1 1 0 0 1 1 0 1 0 0 1 1 0 1 1 1 0 1 1 0 1 1 0 1 1
2041 0 1 1 1 1 0 1 1 0 1 1 0 1 1 0 0 1 1 1 1 1 1 1 0 1 1 0
2490 1 1 0 1 0 0 1 1 1 1 0 0 1 1 1 0 0 1 0 1 1 0 0 0 0 0 1
1273 1 1 0 1 1 0 1 1 0 0 0 0 1 1 0 1 1 0 1 1 0 0 0 1 0 0 1
1490 1 1 1 1 0 0 1 1 0 1 1 1 1 1 1 0 0 0 1 1 1 1 1 1 1 1 1
470 1 1 1 0 0 0 1 1 1 1 0 0 1 1 0 0 0 0 1 1 1 0 0 1 1 1 1
2154 1 1 1 0 0 0 1 1 1 0 0 0 0 0 0 0 0 0 0 1 1 0 0 0 0 1 1
955 1 1 1 1 0 0 1 1 1 1 1 0 1 1 1 0 0 0 0 1 1 1 1 1 1 1 1
2437 1 1 1 1 1 0 1 1 1 1 0 0 1 1 0 1 1 1 1 1 1 1 1 1 1 1 1
864 1 1 0 1 1 1 1 1 1 0 1 1 0 0 1 1 0 0 0 1 1 1 1 1 0 1 1
140 1 1 1 1 0 0 1 1 0 0 0 1 1 1 1 0 0 0 0 1 1 1 1 1 1 0 0
2180 1 1 1 0 0 0 1 1 0 0 0 1 1 1 0 0 0 0 1 1 1 0 0 0 0 0 1
1723 0 1 1 1 1 0 0 1 1 1 1 0 1 1 1 0 1 1 1 1 1 1 1 0 1 1 1
1804 1 1 1 1 1 0 1 1 1 1 0 0 1 1 1 0 0 0 0 1 1 1 0 0 1 1 0
1862 0 0 0 1 1 0 1 1 0 0 1 1 1 0 0 0 0 0 0 0 1 0 0 1 0 1 1
1615 -99 -99 -99 -99 -99 -99 -99 -99 -99 -99 -99 -99 -99 -99 -99 -99 -99 -99 -99 -99 -99 -99 -99 -99 -99 -99 -99
1100 1 1 1 1 1 0 1 1 1 0 1 1 1 1 1 0 0 0 0 1 1 1 1 0 0 0 0
212 0 1 1 1 1 0 1 1 1 0 0 0 1 1 1 0 0 1 1 1 0 1 1 0 0 1 1
638 0 1 1 0 0 0 1 1 1 1 1 0 0 1 1 0 0 0 1 1 1 1 1 0 1 1 1
958 1 1 1 1 0 0 1 1 1 1 0 0 1 1 1 0 0 0 1 1 1 1 1 0 1 1 1
500 1 1 1 1 1 0 1 1 1 1 1 0 0 1 1 0 0 1 1 1 1 0 0 1 1 1 1
2444 1 1 1 1 1 0 0 0 1 0 0 1 1 1 1 0 0 1 1 1 1 1 1 0 1 0 0
1185 1 1 0 1 1 0 1 1 1 1 1 0 1 1 1 0 0 0 0 1 1 1 1 1 1 1 1
1850 0 1 1 1 1 1 0 0 1 1 0 0 1 1 1 1 1 0 1 1 1 1 1 0 1 1 0
2087 1 1 1 1 1 0 0 0 0 1 0 0 1 1 0 1 0 0 1 1 0 0 0 1 1 1 1
1129 1 1 1 1 1 0 0 0 0 0 0 0 1 0 0 1 1 1 0 1 1 0 1 1 1 1 1
1651 1 1 1 1 1 1 0 0 0 1 1 0 1 1 0 0 0 0 1 1 0 0 1 1 1 1 1
780 0 1 1 0 0 1 1 1 1 1 0 0 0 1 1 0 0 0 1 1 1 0 1 1 1 1 1
2292 1 1 0 1 1 0 1 1 0 0 0 1 1 1 1 0 1 1 1 1 1 1 1 1 0 1 1
827 1 1 1 1 1 1 1 1 1 0 0 1 1 1 1 1 0 0 0 1 1 0 0 1 0 1 1
2573 1 1 0 1 0 0 1 1 1 1 0 0 1 1 1 0 0 0 1 1 1 0 0 1 0 1 1
2401 1 1 1 0 0 1 0 1 1 1 0 0 0 1 1 0 0 0 1 1 1 0 0 0 1 1 1
777 0 1 1 1 1 0 1 1 0 1 0 0 1 1 1 0 0 0 1 1 0 0 0 1 0 1 1
540 0 1 1 1 0 0 0 0 1 1 0 0 0 0 1 0 0 0 0 1 1 1 1 1 1 1 1
402 0 0 1 1 1 0 0 1 1 1 1 0 1 1 1 1 1 0 1 1 1 0 1 1 0 0 1
2524 1 1 1 0 0 0 1 1 1 1 1 0 1 1 1 0 0 0 1 1 1 0 1 1 1 1 1
2088 0 1 1 1 1 0 1 1 1 1 1 0 1 1 1 0 1 1 1 1 1 1 1 1 1 1 1
1554 0 1 1 1 0 0 1 1 1 1 0 0 1 1 1 0 0 0 1 1 0 1 1 0 1 1 1
1704 1 1 1 1 1 1 1 1 1 1 1 0 1 1 1 0 0 0 1 1 0 1 1 1 0 1 1
1073 1 0 0 1 0 0 1 1 1 1 0 0 1 1 1 0 0 0 1 1 1 1 1 1 1 1 1
1910 0 1 1 0 1 1 1 0 0 0 0 0 1 1 0 1 0 0 0 0 1 0 1 1 1 0 0
524 1 1 1 1 0 0 1 1 0 1 1 1 0 1 1 1 0 0 1 1 1 1 1 0 1 1 0
2381 0 1 1 1 0 0 1 1 0 1 1 0 1 1 1 0 0 0 1 1 1 1 0 0 1 1 1
1647 1 1 0 1 1 1 1 1 1 0 0 1 1 0 0 0 0 1 1 1 1 1 1 0 0 0 1
1913 1 1 0 0 0 0 1 1 0 0 1 1 1 1 0 0 0 0 1 1 0 0 1 1 1 1 1
2741 1 1 0 1 1 0 1 1 0 1 0 0 1 1 0 0 0 1 0 1 1 1 0 0 1 1 0
2793 1 1 0 1 0 0 1 1 1 1 0 0 1 1 0 1 0 0 1 1 1 1 1 1 1 1 1
1032 1 1 1 1 1 0 0 1 1 1 1 0 0 0 1 1 1 1 1 1 1 0 0 0 1 1 0
2321 0 1 1 1 1 0 1 1 0 0 0 0 1 1 0 0 0 1 0 0 1 1 1 0 0 1 1
1781 1 1 1 1 1 0 1 1 1 1 0 0 1 1 1 0 1 1 1 1 1 1 1 0 1 1 1
1403 0 1 1 1 1 1 1 1 0 1 0 0 1 1 0 0 0 1 1 1 0 1 1 0 1 1 0
1569 0 1 1 0 0 1 1 1 1 0 0 0 0 1 1 0 0 0 1 1 0 1 1 1 1 1 1
2126 0 1 1 1 0 0 1 1 1 1 0 0 1 1 1 1 1 1 1 1 1 1 0 0 1 1 1
453 0 1 1 0 0 0 1 1 1 1 0 0 1 1 1 0 0 1 1 1 1 0 0 1 1 1 1
1856 0 1 1 1 1 0 1 1 1 1 1 1 0 1 1 1 0 0 0 1 1 1 1 0 1 1 0
2479 1 1 1 1 1 0 1 1 1 1 1 0 1 1 0 0 0 0 1 1 1 1 0 0 0 0 1
930 0 1 1 1 1 0 1 1 1 1 1 0 1 1 0 0 0 0 0 1 1 1 1 0 1 1 1
2302 0 1 1 1 1 0 0 1 1 1 1 0 1 1 0 0 0 1 1 1 1 1 1 0 0 0 1
856 1 1 1 1 1 0 1 1 1 1 0 0 1 1 0 0 0 1 1 1 1 1 0 0 1 1 0
1263 1 1 0 1 1 0 1 0 0 1 1 1 0 0 1 1 1 1 1 1 0 1 1 0 0 1 1
1997 1 1 1 0 0 1 1 1 1 1 0 0 1 1 1 0 0 0 1 1 0 0 0 1 1 1 0
488 0 1 1 1 1 0 1 1 1 1 0 0 1 1 1 0 0 1 0 1 1 1 1 0 0 1 1
2538 1 1 0 1 1 0 1 1 1 0 0 0 1 1 0 1 0 0 1 1 0 0 0 1 0 0 1
1018 1 1 0 0 0 0 1 1 1 1 1 0 0 1 1 0 0 0 1 1 1 0 0 1 0 1 1
2096 0 1 1 1 1 0 1 1 0 1 0 0 1 1 0 0 0 1 -99 -99 -99 1 1 0 -99 -99 -99
1768 0 1 1 1 1 0 1 1 0 1 0 0 1 1 1 0 0 1 0 1 1 1 1 0 1 0 0
2341 0 1 1 1 0 0 1 1 0 1 1 0 1 1 0 0 0 1 1 1 1 0 1 1 1 1 1
2322 1 1 0 1 1 0 1 1 1 1 1 0 0 1 1 1 0 0 1 1 1 1 1 1 0 1 1
2599 1 1 1 1 0 0 0 0 1 1 0 0 0 1 1 1 0 0 1 1 1 0 0 1 1 1 1
368 1 1 1 1 1 0 0 0 1 1 0 0 1 1 1 0 0 1 0 1 1 0 0 1 0 1 1
1040 0 1 1 0 0 0 1 1 0 1 0 0 1 1 1 0 0 0 1 1 0 0 0 1 1 1 1
1545 -99 -99 -99 1 1 0 1 1 0 1 0 0 1 1 0 0 0 1 1 1 1 0 0 0 1 1 0
1800 0 1 1 1 1 1 0 1 1 1 0 0 1 1 0 1 1 1 1 1 1 0 0 0 1 1 1
1904 1 1 1 1 1 0 0 1 1 1 1 0 1 1 0 1 1 1 0 1 1 1 1 0 1 1 0
1069 0 0 1 1 1 1 -99 -99 -99 0 0 0 1 1 1 0 1 1 0 0 1 1 1 1 0 1 1
1793 1 1 1 0 0 0 1 1 0 1 0 0 1 1 1 1 0 0 1 1 1 0 0 0 1 1 1
265 1 1 1 0 0 0 1 1 1 1 0 0 0 1 1 0 1 1 1 1 0 1 1 0 1 1 1
2300 0 1 1 0 0 1 1 1 1 1 1 0 0 1 1 1 1 1 1 1 1 1 0 0 1 1 1
1139 0 1 1 1 0 0 1 1 1 1 0 0 1 1 1 1 0 0 1 1 1 0 1 1 1 1 1
1463 0 1 1 1 0 0 1 1 0 1 0 0 1 1 1 0 0 0 1 1 1 0 0 1 1 1 1
1044 0 1 1 0 0 0 1 1 1 0 0 0 1 1 1 0 0 0 1 1 0 0 0 0 1 1 1
1645 1 1 1 0 0 1 1 1 1 1 1 0 1 1 1 1 0 0 1 1 1 0 1 1 1 1 1
1181 1 1 0 1 1 0 0 1 1 1 1 0 1 1 1 0 0 1 0 1 1 1 1 0 1 0 0
1425 1 1 1 1 1 0 1 1 1 1 1 0 1 1 0 0 0 1 1 1 1 1 0 0 0 1 1
2282 1 1 0 1 0 0 1 1 0 1 1 0 0 1 1 0 0 0 1 1 1 1 1 0 1 1 1
2245 0 1 1 1 0 0 1 1 1 1 1 0 1 1 0 0 0 0 1 1 1 1 1 0 1 1 1
1630 0 1 1 0 0 0 0 1 1 1 1 0 0 0 0 0 0 0 1 1 1 1 0 0 1 1 0
1254 0 1 1 1 1 0 1 1 0 1 0 0 1 1 1 0 1 1 0 1 1 0 0 0 1 0 0
2138 1 1 1 0 0 0 1 1 0 1 0 0 0 1 1 0 0 0 1 1 0 0 0 0 1 1 1
1652 0 0 1 1 1 0 1 1 0 1 0 0 1 1 0 0 0 0 0 0 1 0 0 1 1 1 1
1727 1 1 1 1 1 1 1 1 1 0 0 0 0 0 1 0 0 0 0 0 0 1 1 0 1 1 0
2693 1 1 1 1 1 1 1 1 1 1 1 0 0 0 1 0 0 1 1 1 1 0 1 1 1 1 0
1898 1 1 1 1 1 0 1 1 1 1 0 0 1 1 0 1 0 0 1 1 1 0 0 1 1 1 1
1427 1 1 0 1 1 0 1 1 1 1 1 0 1 1 1 0 0 1 1 1 1 1 1 1 0 0 1
728 -99 -99 -99 -99 -99 -99 -99 -99 -99 -99 -99 -99 -99 -99 -99 -99 -99 -99 -99 -99 -99 -99 -99 -99 -99 -99 -99
1668 0 1 1 1 1 0 1 1 0 1 0 0 1 1 0 0 0 1 1 1 1 1 1 0 1 1 0
1831 0 1 1 1 1 0 1 1 1 1 0 0 1 1 1 0 0 0 1 1 1 1 1 0 1 1 1
1177 0 1 1 1 1 0 1 1 0 1 1 0 1 1 1 0 0 1 1 1 1 0 1 1 1 1 1
2149 1 1 0 0 1 1 0 1 1 0 1 1 0 1 1 1 1 0 1 1 1 0 1 1 0 0 1
2278 0 1 1 1 0 0 1 1 1 1 0 0 1 1 1 1 1 0 1 1 1 1 1 1 1 1 1
1818 1 1 1 1 0 0 1 1 1 1 1 0 1 1 0 0 -99 -99 1 1 1 0 0 1 0 1 1
2806 0 1 1 0 0 0 1 1 1 1 0 0 1 1 1 0 0 0 1 1 0 1 0 0 1 1 0
451 1 1 1 1 1 0 1 1 0 1 1 0 1 1 1 0 0 0 1 1 1 1 0 0 1 1 1
1007 1 1 1 0 0 0 1 1 1 1 0 0 0 1 1 0 0 1 1 1 1 0 0 0 1 1 1
1111 1 1 1 1 1 0 1 1 1 1 1 1 0 0 1 0 0 1 0 1 1 1 1 0 0 1 1
1758 1 1 0 0 1 1 1 1 0 0 1 1 0 1 1 0 0 0 1 1 1 1 0 0 1 1 1
2633 -99 1 -99 1 0 0 1 1 0 1 1 0 1 0 0 1 1 0 1 1 0 1 0 0 1 1 0
753 0 1 1 1 0 0 1 1 0 1 0 0 1 1 1 0 0 0 1 1 0 0 0 1 1 1 1
303 0 0 1 0 1 1 1 1 1 1 0 0 0 0 1 0 0 1 0 1 1 1 0 0 1 1 1
2822 0 1 1 0 0 1 1 1 1 1 0 0 1 1 1 0 0 0 1 1 1 0 0 1 1 1 0
558 1 1 0 0 0 0 1 1 0 1 1 0 0 0 1 0 0 1 1 1 1 0 0 1 1 1 1
695 1 1 0 1 1 0 0 0 1 1 0 0 1 1 1 1 1 1 1 1 1 0 0 0 1 1 1
2303 1 1 1 1 0 0 1 1 0 1 0 0 1 1 1 1 0 0 1 1 1 1 0 0 1 1 0
1388 1 1 0 1 1 0 1 0 0 0 0 1 1 1 1 0 0 1 1 1 0 0 0 0 1 1 1
1750 0 1 1 0 0 1 1 1 1 1 1 0 1 1 1 0 1 1 1 1 1 1 1 0 1 1 0
292 0 1 1 1 1 0 1 1 0 0 0 0 1 1 1 1 1 0 0 1 1 0 0 0 1 1 0
2589 1 1 0 1 0 0 1 1 1 1 1 0 1 1 1 0 0 1 1 1 1 1 1 0 0 0 1
2363 0 0 1 1 1 0 0 0 0 1 0 0 1 1 1 0 0 1 1 1 0 0 0 0 1 1 1
2223 0 0 1 1 1 0 0 0 1 1 1 0 1 1 1 0 0 1 0 0 1 0 0 0 1 1 0
741 1 1 0 1 1 0 1 1 1 1 1 1 0 0 1 0 0 0 0 1 1 1 0 0 1 1 1
1227 0 1 1 0 0 1 0 1 1 0 0 0 1 1 0 0 0 0 1 1 1 0 0 1 1 1 1
2667 1 1 1 0 1 1 1 1 1 1 0 0 1 1 1 0 0 0 1 1 1 1 0 0 1 1 1
2482 0 1 1 1 1 0 1 1 1 1 0 0 1 1 1 0 0 1 1 1 1 0 1 1 1 1 1
889 1 1 0 1 1 0 0 1 1 1 0 0 1 1 1 0 1 1 1 1 1 1 1 0 0 1 1
1840 1 1 0 1 1 0 0 0 1 1 1 0 0 0 0 1 1 0 0 1 1 0 0 1 0 0 1
2074 1 1 1 1 1 0 1 1 1 1 0 0 0 1 1 0 0 0 1 1 1 1 0 0 1 1 1
2561 1 1 0 1 1 0 0 0 0 1 1 1 0 0 1 1 1 1 0 1 1 1 1 0 0 0 1
1706 0 1 1 1 1 0 0 1 1 1 0 0 1 1 1 0 0 0 0 1 1 0 0 0 0 1 1
1160 1 1 1 1 1 1 1 1 1 1 0 0 0 1 1 0 0 0 1 1 1 1 0 0 1 1 1
1638 1 1 1 1 0 0 0 1 1 1 1 0 1 1 0 0 0 0 0 1 1 0 0 0 0 1 1
2186 1 1 1 1 1 0 1 1 1 1 0 0 1 1 1 0 0 0 0 1 1 0 0 0 1 1 1
2452 0 1 1 1 1 0 0 1 1 1 1 0 1 1 1 0 0 0 1 1 1 1 1 0 1 1 0
2315 0 0 0 1 0 0 0 0 1 1 1 1 0 0 1 1 0 0 1 0 0 0 0 1 0 1 1
906 0 1 1 1 1 1 1 1 0 0 0 0 1 1 0 1 1 1 0 1 1 1 0 0 1 1 0
2125 0 1 1 1 1 0 1 1 0 1 0 0 1 1 1 0 0 0 1 1 1 0 0 1 1 1 1
2643 0 1 1 1 1 1 1 1 1 1 0 0 1 1 0 0 1 1 0 0 1 0 0 0 1 1 1
1835 1 1 1 1 1 0 1 1 0 1 1 1 1 1 1 0 0 0 1 1 0 0 0 1 0 1 1
1613 0 1 1 1 1 0 1 1 0 1 0 0 1 1 1 0 0 0 0 1 1 1 1 0 1 1 1
2563 0 0 1 1 1 0 1 1 1 1 1 0 1 1 1 0 0 1 0 1 1 1 1 0 1 0 0
818 0 1 1 1 0 0 1 1 0 1 0 0 1 1 1 0 0 0 0 1 1 1 1 0 1 1 1
2440 1 1 1 1 0 0 1 1 1 0 0 0 1 1 1 0 0 1 1 1 1 0 0 1 0 1 1
2725 1 1 1 1 1 0 0 1 1 1 1 0 0 1 1 0 0 0 1 1 0 1 1 0 0 1 1
1712 0 1 1 1 1 0 1 1 1 0 1 1 1 0 0 0 0 0 0 1 1 0 1 1 1 1 0
1700 0 0 1 1 0 0 1 1 1 1 0 0 1 1 0 1 1 1 1 1 1 0 0 1 1 1 1
2438 1 1 1 1 1 1 1 1 1 1 0 0 1 1 1 0 0 1 0 1 1 1 1 0 1 1 1
2271 1 1 1 1 1 0 1 1 0 0 0 0 1 1 0 0 0 1 1 1 0 1 0 0 1 1 0
2463 1 1 1 1 1 0 1 1 0 1 1 0 1 0 0 0 1 1 1 1 1 1 1 0 1 0 0
275 0 1 1 1 1 0 0 0 1 1 0 0 0 1 1 0 0 0 1 1 1 1 1 0 0 1 1
1097 1 1 0 0 0 0 1 1 1 1 0 0 0 1 1 0 0 0 0 1 1 1 0 0 0 1 1
1478 0 1 1 1 1 0 1 1 1 1 0 0 1 1 1 0 0 1 0 1 1 1 1 1 1 1 1
940 0 1 1 0 0 0 1 1 1 1 0 0 1 1 0 0 0 0 1 1 0 1 0 0 1 1 0
2231 0 1 1 1 1 0 0 0 0 0 0 1 1 1 1 0 0 0 1 1 1 0 1 1 1 1 0
125 1 1 0 1 0 0 0 1 1 1 0 0 1 1 1 0 0 1 1 1 1 1 0 0 1 1 1
1098 1 1 0 0 0 1 1 1 0 0 0 1 0 1 1 0 0 0 0 1 1 0 1 1 0 1 1
2063 1 1 1 0 0 0 1 1 1 0 0 0 1 1 0 0 0 0 0 1 1 0 0 1 0 1 1
767 0 1 1 1 1 0 1 1 0 1 0 0 1 1 1 1 1 1 1 1 1 0 1 1 1 1 0
1817 0 1 1 1 0 0 1 1 1 1 0 0 1 1 1 0 0 0 1 1 0 0 0 0 0 1 1
1143 1 1 1 1 0 0 0 0 0 1 1 1 1 1 1 1 0 0 1 1 1 0 1 1 1 1 1
2448 1 1 1 1 1 0 0 0 1 1 0 0 0 0 1 0 0 0 0 1 1 0 0 0 0 1 1
1067 0 1 1 1 1 0 1 1 1 1 0 0 1 1 1 0 0 1 1 1 1 1 0 0 1 1 0
2359 0 1 1 1 1 0 1 1 1 1 0 0 1 1 1 0 0 0 0 1 1 0 1 1 0 1 1
394 1 1 1 1 1 1 1 1 1 0 1 1 1 1 1 0 0 0 1 1 1 1 1 1 1 1 1
2642 1 1 1 1 1 0 0 1 1 1 1 0 0 0 0 1 1 0 0 0 0 0 1 1 1 1 1
2090 0 1 1 1 1 1 0 1 1 0 0 0 1 1 1 1 1 0 1 1 0 0 1 1 1 1 0
2722 0 1 1 1 1 0 0 1 1 1 1 1 0 1 1 0 0 0 0 1 1 1 1 1 1 1 1
1421 1 1 1 1 1 0 0 0 0 0 0 0 1 1 1 0 0 1 0 1 1 0 0 0 0 1 1
354 0 1 1 1 1 0 1 1 1 1 1 1 1 1 1 0 0 1 1 1 1 1 0 0 1 1 1
850 0 1 1 0 0 0 1 1 1 1 0 0 1 1 1 0 0 1 1 1 1 1 0 0 0 0 1
2380 1 1 1 1 1 1 0 1 1 1 0 0 1 0 0 0 1 1 1 1 1 1 1 1 1 1 0
2070 0 1 1 1 1 0 1 1 0 1 0 0 1 1 0 0 0 0 1 1 1 0 0 1 1 1 1
598 0 1 1 0 0 0 0 0 1 1 0 0 1 1 1 0 0 0 1 1 1 1 1 1 0 0 0
235 0 1 1 1 1 0 1 1 1 1 0 0 1 1 1 0 0 1 0 1 1 0 0 0 1 1 1
711 0 0 1 0 0 1 1 1 1 0 0 1 0 1 1 1 0 0 1 1 0 1 1 1 0 1 1
591 0 1 1 1 1 0 0 1 1 1 0 0 1 1 0 1 1 0 1 1 0 0 0 1 1 1 0
603 0 1 1 1 1 0 1 1 1 1 0 0 1 1 0 0 0 0 1 1 1 1 1 0 1 1 0
527 0 1 1 1 1 0 1 1 0 1 1 0 1 1 0 0 0 0 0 1 1 1 1 0 0 1 1
2541 1 1 1 1 1 1 0 1 1 1 1 1 1 1 1 0 0 1 1 1 1 1 1 1 1 1 1
302 1 1 1 1 1 0 1 1 1 1 1 0 1 1 1 1 0 0 1 1 0 1 1 1 0 0 1
1985 1 1 1 1 1 0 0 0 1 1 1 1 0 1 1 0 0 0 0 1 1 1 1 0 1 1 0
1193 0 0 1 0 0 0 1 1 0 1 0 0 1 1 1 0 0 1 0 1 1 1 1 0 1 1 1
1058 0 1 1 1 0 0 1 1 0 1 1 1 0 0 1 0 0 0 1 1 1 1 1 0 1 1 0
2217 0 1 1 1 1 0 1 1 0 1 1 1 1 1 1 0 0 1 1 1 1 0 1 1 1 1 1
2500 1 1 1 1 1 1 1 1 0 1 0 0 1 1 1 0 0 0 1 1 1 1 0 0 1 1 1
2183 0 1 1 0 0 0 0 1 1 1 0 0 1 1 1 0 0 0 1 1 1 1 1 0 1 1 1
2293 1 1 1 1 1 0 1 1 1 0 0 0 1 1 1 0 0 1 1 1 0 1 1 1 0 1 1
2419 0 1 1 1 1 0 1 1 1 1 0 0 1 1 1 0 0 0 1 1 1 0 1 1 1 1 1
2784 -99 -99 -99 -99 -99 -99 -99 -99 -99 -99 -99 -99 -99 -99 -99 -99 -99 -99 -99 -99 -99 -99 -99 -99 1 1 1
2789 1 1 1 0 0 0 1 1 1 1 1 0 1 1 1 1 0 0 1 1 0 1 1 1 1 1 1
1864 1 1 1 1 1 0 1 1 0 1 0 0 1 1 0 1 1 0 1 1 1 1 1 0 1 1 0
1782 0 1 1 1 1 0 1 1 1 1 1 1 1 1 1 0 0 1 1 1 1 1 1 0 1 1 0
2209 0 1 1 0 0 0 1 1 0 1 1 0 1 1 0 0 0 1 1 1 0 0 0 1 1 1 0
2718 0 0 1 1 1 0 1 1 0 1 0 0 1 1 1 1 0 0 1 1 1 0 0 0 1 1 1
2506 -99 -99 -99 -99 -99 -99 -99 -99 -99 -99 -99 -99 -99 -99 -99 -99 -99 -99 -99 -99 -99 -99 -99 -99 -99 -99 -99
1747 0 1 1 1 1 0 0 0 1 1 1 0 0 0 0 0 0 0 1 1 1 0 0 0 1 1 1
800 0 1 1 1 1 0 1 1 1 1 1 0 1 1 1 0 1 1 1 1 1 1 1 0 1 1 1
1251 1 1 1 1 1 1 0 0 0 1 1 0 1 1 1 1 1 1 1 1 1 1 1 1 1 1 1
2406 0 1 1 1 1 0 1 1 1 1 0 0 1 1 1 0 0 1 0 1 1 1 1 1 1 1 1
2094 0 1 1 1 1 0 1 1 1 1 1 0 1 1 1 0 0 1 0 1 1 1 0 0 1 1 1
1550 1 1 1 1 1 0 1 1 0 1 1 0 1 1 1 1 1 1 1 1 1 0 0 1 0 0 0
1822 0 0 1 1 1 0 1 1 1 1 1 1 1 1 1 0 0 1 1 1 1 1 1 1 1 1 1
523 0 1 1 1 1 0 1 1 0 1 1 0 1 1 0 0 0 1 0 0 1 0 1 1 1 1 0
475 0 1 1 1 1 1 1 1 0 1 0 0 1 1 1 0 0 1 1 1 1 1 0 0 1 1 1
123 0 1 1 1 1 0 1 1 0 1 0 0 1 1 0 0 0 0 1 1 1 0 0 1 1 1 1
569 1 1 1 1 0 0 1 1 1 1 0 0 1 1 1 0 0 0 1 1 1 1 1 0 1 1 1
2005 0 1 1 1 0 0 1 1 0 1 1 0 1 1 1 0 0 0 1 1 1 1 0 0 1 1 1
2361 0 1 1 0 0 1 0 0 0 1 0 0 1 1 0 0 0 0 1 1 1 1 1 1 0 1 1
339 0 1 1 1 1 0 1 1 0 1 0 0 1 1 1 0 0 1 0 1 1 0 0 0 1 1 1
615 0 1 1 1 1 0 1 1 1 1 1 1 1 1 1 0 1 1 1 1 1 1 1 0 1 1 1
1446 1 1 1 0 0 1 1 1 0 1 0 0 1 1 0 0 0 0 1 1 1 0 0 1 1 1 0
427 0 1 1 1 0 0 1 1 0 1 1 0 1 1 1 0 0 1 0 1 1 0 1 1 1 1 1
328 0 1 1 0 0 1 1 1 1 1 1 0 1 1 1 0 0 1 0 1 1 0 0 1 1 1 1
1716 0 1 1 1 1 0 1 0 0 1 0 0 1 1 0 0 0 0 1 1 1 0 1 1 0 1 1
1500 1 1 1 1 1 0 1 1 1 1 0 0 1 1 0 0 0 1 1 1 1 1 1 0 1 1 1
2676 0 1 1 0 1 1 0 1 1 0 1 1 0 1 1 0 0 1 0 1 1 1 1 0 0 1 1
1409 1 1 1 0 1 1 1 1 1 1 1 0 0 0 1 1 0 0 1 1 1 0 1 1 0 1 1
2493 0 1 1 1 1 0 1 1 1 1 0 0 1 1 1 0 0 1 1 1 1 1 1 1 1 1 1
2078 0 1 1 1 0 0 1 1 1 1 0 0 1 1 1 0 0 0 1 1 1 1 1 0 1 1 1
927 0 1 1 1 1 1 1 1 0 1 1 0 1 1 1 0 1 1 1 1 1 1 1 1 1 1 1
2178 1 1 1 1 1 1 1 1 1 1 1 1 1 1 1 1 1 1 1 1 1 1 1 1 0 1 1
2059 0 1 1 1 0 0 1 1 0 1 0 0 1 1 0 0 0 1 0 1 1 0 1 1 1 1 1
1523 0 1 1 1 0 0 1 1 1 1 0 0 1 1 1 0 0 1 0 1 1 1 0 0 1 1 1
2015 1 1 1 1 1 1 1 1 0 0 0 0 1 0 0 1 0 0 1 1 1 0 0 1 1 1 1
1959 0 1 1 1 1 0 0 0 1 1 1 1 0 1 1 0 0 0 1 1 1 1 0 0 0 1 1
2717 0 1 1 1 0 0 1 1 1 1 1 0 1 1 1 1 0 0 1 1 1 1 0 0 1 1 1
952 0 1 1 1 1 0 0 0 1 1 0 0 1 1 1 0 0 0 1 1 1 1 1 0 0 1 1
1648 1 1 1 1 0 0 1 1 1 0 1 1 1 1 1 1 -99 -99 1 1 1 0 0 0 1 1 1
493 0 0 1 0 1 1 1 1 0 0 0 1 0 0 1 1 1 0 1 1 1 0 0 0 1 1 0
980 1 1 1 1 1 0 1 1 1 1 1 1 1 1 0 0 0 0 1 1 1 0 0 0 1 1 0
746 0 1 1 1 1 0 1 1 1 1 0 0 1 1 1 1 1 1 1 1 1 0 0 0 1 1 1
482 0 1 1 1 0 0 0 1 1 1 0 0 1 1 1 0 0 0 1 1 1 1 1 0 1 1 0
160 0 1 1 1 1 0 1 1 0 1 1 0 1 1 1 0 0 1 1 1 1 1 1 0 1 1 1
2019 0 1 1 0 0 1 0 0 0 0 0 0 0 1 1 1 0 0 1 1 0 0 0 1 0 1 1
2772 0 1 1 0 0 0 0 1 1 0 1 1 0 1 1 1 0 0 0 1 1 1 1 0 1 0 0
2235 1 1 1 0 0 0 0 1 1 1 1 0 1 1 1 0 0 1 0 1 1 1 0 0 1 1 1
670 1 1 1 1 0 0 1 1 1 0 0 0 1 1 1 0 0 0 1 1 1 1 1 0 1 1 1
2326 1 1 1 1 0 0 1 1 1 0 0 1 1 1 0 0 0 0 1 1 1 0 0 0 1 1 1
335 1 1 1 1 1 0 1 1 1 1 0 0 1 1 1 0 0 0 1 1 1 1 1 0 1 1 1
2504 1 1 1 1 1 0 1 1 1 1 1 1 1 1 1 0 0 0 1 1 1 1 0 0 1 1 1
998 0 1 1 1 1 0 1 1 0 1 0 0 1 1 1 0 0 0 1 1 1 1 1 0 1 1 0
2376 0 1 1 1 0 0 1 1 1 1 0 0 1 1 1 1 1 0 1 1 1 1 1 0 1 1 1
651 1 0 0 1 1 0 1 1 1 1 1 0 0 1 1 0 1 1 1 1 1 1 1 0 1 1 1
905 0 1 1 0 0 0 1 1 1 0 0 0 1 1 1 0 0 0 1 1 1 0 0 1 1 1 1
2831 0 1 1 1 0 0 1 1 1 1 0 0 0 1 1 1 1 0 1 1 1 1 0 0 1 1 0
1558 -99 -99 -99 -99 -99 -99 -99 -99 -99 -99 -99 -99 -99 -99 -99 -99 -99 -99 -99 -99 -99 -99 -99 -99 -99 -99 -99
1134 1 1 0 1 0 0 0 1 1 1 1 0 0 1 1 0 0 0 1 1 1 1 0 0 0 0 1
1946 0 1 1 1 0 0 1 1 1 1 1 1 1 1 1 0 0 0 1 0 0 1 0 0 1 1 1
346 1 1 1 1 1 0 1 1 1 1 0 0 1 1 1 0 0 1 1 1 1 1 0 0 1 1 1
2108 1 0 0 0 0 1 1 1 0 1 1 0 1 1 1 0 0 1 0 1 1 1 1 0 1 1 0
510 1 1 1 1 1 0 1 1 1 1 0 0 1 1 0 1 0 0 1 1 1 1 1 1 1 1 0
458 1 1 1 1 0 0 1 1 1 0 0 1 0 0 1 1 0 0 1 1 0 0 0 1 1 1 1
911 0 1 1 1 1 0 1 1 1 1 0 0 1 1 1 0 0 0 1 1 1 1 1 0 1 1 1
1590 0 1 1 1 1 0 1 1 0 1 0 0 1 1 1 0 0 1 1 1 1 1 1 1 1 1 1
2453 1 1 1 1 1 0 1 1 1 1 0 0 1 1 1 0 0 0 0 1 1 1 1 0 1 1 1
2357 1 1 1 0 0 0 1 1 1 0 0 0 1 1 1 1 0 0 1 1 1 0 0 0 0 1 1
2801 0 1 1 1 1 0 1 1 0 0 0 0 1 0 0 1 1 0 1 1 1 0 1 1 0 0 1
2766 1 1 1 1 1 0 0 0 0 1 1 0 1 1 1 0 1 1 1 1 1 0 0 0 1 1 1
533 0 1 1 1 1 0 1 1 1 1 0 0 1 1 1 0 0 1 1 1 1 1 1 0 1 1 1
1531 1 1 1 0 0 0 1 1 1 1 0 0 1 1 1 0 0 0 1 1 1 0 0 1 1 1 1
1918 0 1 1 1 1 0 1 1 0 1 1 0 1 1 0 0 1 1 0 1 1 1 1 1 1 1 0
1444 0 1 1 0 0 0 1 1 1 1 0 0 1 1 1 0 0 0 1 1 1 1 1 1 1 1 1
2567 0 0 1 1 1 0 1 1 1 1 1 1 0 1 1 0 0 0 0 1 1 0 0 1 0 1 1
1014 1 1 1 0 0 0 1 1 0 1 0 0 1 1 0 1 0 0 1 1 0 0 1 1 1 1 1
494 1 1 1 0 0 1 1 1 1 1 0 0 1 1 1 0 0 0 1 1 1 0 0 1 1 1 1
2627 0 0 1 1 1 0 1 1 0 0 1 1 0 1 1 0 0 0 1 1 1 1 1 0 0 1 1
2723 1 1 0 0 0 0 1 1 1 1 0 0 1 0 0 1 1 0 0 1 1 1 1 1 0 1 1
1417 0 1 1 1 1 0 1 1 1 1 0 0 1 1 1 0 0 0 1 1 1 1 1 0 1 1 0
946 0 1 1 1 1 1 1 1 1 1 1 0 1 1 0 0 0 1 0 1 1 1 1 0 1 1 1
1085 1 1 1 1 1 0 1 1 1 0 0 0 1 1 1 0 0 0 1 1 1 1 1 1 0 1 1
2533 0 1 1 0 0 0 0 0 1 1 0 0 0 1 1 1 0 0 1 1 0 0 0 1 1 1 1
2650 1 1 0 1 1 0 0 0 0 0 0 1 0 0 1 1 1 0 1 0 0 1 1 1 0 1 1
1393 1 1 1 0 0 1 0 0 0 0 0 0 0 0 0 0 1 1 0 0 0 1 1 1 1 1 1
1703 0 1 1 0 1 1 1 1 1 1 1 0 1 1 1 0 0 1 1 1 1 1 1 0 1 1 0
2528 0 1 1 1 1 0 1 1 0 1 0 0 1 1 0 1 0 0 0 1 1 1 1 0 1 1 0
446 1 1 1 1 1 0 1 1 1 1 0 0 1 1 1 0 1 1 1 1 1 1 1 0 1 1 1
260 0 1 1 1 0 0 1 1 1 1 0 0 1 1 1 1 1 0 0 0 1 1 1 0 1 0 0
457 1 0 0 0 0 0 1 1 1 0 0 1 0 1 1 0 1 1 0 1 1 1 1 1 0 1 1
2025 1 1 0 0 0 0 1 1 1 1 1 1 0 0 1 0 0 0 1 1 1 1 1 0 1 0 0
2098 1 1 1 1 1 0 0 0 0 1 0 0 0 1 1 0 0 1 0 1 1 1 1 0 1 1 0
1968 0 0 1 1 1 0 1 1 1 1 0 0 1 1 1 1 0 0 1 1 1 1 1 0 1 1 1
1439 1 1 1 1 1 0 1 1 1 0 0 0 1 1 0 0 0 1 0 0 1 0 0 1 0 0 1
779 0 1 1 1 1 0 1 1 0 1 1 1 1 1 1 0 0 1 1 1 1 0 0 1 1 1 0
2129 0 1 1 1 1 0 1 1 1 1 1 1 1 0 0 1 1 1 0 1 1 0 0 0 1 1 1
2705 0 0 1 1 1 0 1 1 1 1 1 0 1 1 1 0 0 1 0 1 1 0 1 1 1 1 1
1660 1 1 0 1 1 0 0 0 1 0 0 1 0 0 1 0 0 1 0 0 1 1 1 0 0 0 1
1064 1 1 1 1 1 0 1 1 1 0 0 0 1 1 1 0 0 0 0 1 1 1 1 1 1 1 1
1679 1 1 1 0 0 1 1 1 0 1 0 0 1 1 1 0 1 1 1 1 1 0 1 1 1 1 1
509 0 1 1 1 1 0 1 1 0 1 1 0 1 1 1 0 0 1 1 1 1 1 1 0 1 1 1
2386 0 1 1 0 0 1 1 1 1 1 0 0 1 1 1 0 0 0 1 1 1 0 0 0 1 1 1
248 0 0 0 1 0 0 1 1 0 1 1 0 1 1 1 1 0 0 1 1 1 1 0 0 1 1 1
709 0 0 1 0 0 1 0 0 1 1 0 0 0 0 1 0 0 1 0 1 1 1 1 0 1 0 0
1594 0 0 1 1 1 0 1 1 0 1 0 0 1 1 1 0 0 1 1 1 1 0 0 0 1 1 1
186 1 1 1 0 0 1 0 1 1 0 0 0 0 0 0 1 0 0 0 0 0 0 0 1 0 1 1
2397 0 1 1 0 1 1 1 1 0 0 0 0 1 1 0 1 1 0 0 0 1 1 1 1 0 0 0
910 1 1 1 0 0 1 1 1 0 1 1 1 1 1 1 0 0 0 1 1 0 0 0 1 1 1 1
2736 1 1 1 1 1 0 1 1 1 1 1 0 1 1 1 0 0 0 1 1 1 1 1 1 1 1 1
2764 1 1 1 0 1 1 1 1 1 1 0 0 1 1 0 0 0 0 1 1 1 0 0 0 1 1 1
949 1 1 1 1 1 0 0 0 0 1 1 0 1 0 0 1 1 0 1 1 1 1 1 1 0 0 1
1730 0 1 1 1 1 1 1 1 1 1 1 1 1 1 0 0 0 1 0 0 1 1 1 0 1 0 0
252 1 1 1 1 1 1 1 1 1 1 0 0 1 1 1 1 0 0 1 1 1 0 0 0 1 1 0
1841 1 1 1 1 1 0 1 1 1 1 1 1 1 1 1 1 1 0 1 1 1 1 1 0 1 1 1
797 0 1 1 1 0 0 1 1 1 1 1 1 1 1 1 0 0 0 0 1 1 1 0 0 1 1 1
2660 1 1 1 1 1 1 0 1 1 1 0 0 0 0 1 1 1 1 0 1 1 1 1 0 0 0 1
1843 1 1 1 1 1 0 1 1 1 1 1 0 1 1 1 0 0 0 1 1 1 1 1 0 1 1 1
341 0 0 1 1 1 1 0 0 0 1 1 0 0 1 1 0 0 0 1 0 0 1 0 0 1 0 0
1605 0 1 1 1 0 0 1 1 1 1 0 0 1 1 1 0 0 0 1 1 1 0 1 1 1 1 1
879 1 1 1 1 1 1 1 1 1 1 1 0 1 1 1 0 0 0 1 1 0 0 0 1 1 1 1
412 1 1 1 0 1 1 0 1 1 1 0 0 1 1 0 0 0 1 1 1 1 0 0 1 1 1 1
543 0 1 1 0 0 0 0 0 0 1 1 0 1 1 1 0 0 0 1 1 1 0 0 0 0 0 1
842 0 1 1 0 0 0 1 1 0 1 0 0 1 1 1 1 1 0 1 1 1 0 0 0 1 1 0
1339 0 1 1 1 0 0 0 1 1 0 1 1 1 0 0 1 0 0 0 1 1 0 1 1 0 1 1
333 0 1 1 1 1 0 1 1 0 1 0 0 1 1 1 0 0 1 1 1 0 1 1 0 1 1 0
2121 1 1 1 1 1 0 1 1 1 0 1 1 1 1 1 1 0 0 1 1 1 0 1 1 1 1 1
700 -99 -99 -99 -99 -99 -99 -99 -99 -99 -99 -99 -99 -99 -99 -99 -99 -99 -99 -99 -99 -99 -99 -99 -99 -99 -99 -99
2369 0 1 1 0 0 0 1 0 0 1 1 0 1 1 0 0 0 0 1 1 0 0 1 1 1 1 1
1637 1 1 1 1 0 0 1 1 1 1 0 0 0 1 1 0 0 0 1 1 0 1 1 0 0 1 1
1249 0 1 1 1 0 0 1 1 0 -99 -99 -99 1 1 0 1 1 0 1 0 0 0 1 1 0 1 1
896 0 0 1 0 0 0 1 1 1 1 1 0 0 1 1 0 0 0 1 1 1 0 0 1 0 1 1
1496 0 1 1 1 1 0 1 1 1 1 1 0 0 1 1 0 0 0 1 1 1 1 1 0 1 1 0
730 0 0 1 1 1 0 0 1 1 1 0 0 1 1 1 0 0 0 0 1 1 0 0 0 1 1 1
2559 0 1 1 1 1 0 1 1 0 1 0 0 0 1 1 0 0 0 0 1 1 1 1 1 1 1 1
2518 0 0 1 1 1 0 0 0 1 1 0 0 0 0 1 1 1 1 1 1 0 1 1 0 1 1 1
2804 1 1 0 1 1 0 0 1 1 1 1 1 0 1 1 0 0 0 1 1 0 1 1 0 0 1 1
2765 0 1 1 1 1 0 0 1 1 1 0 0 0 0 1 1 0 0 0 1 1 0 0 0 0 0 1
1430 0 1 1 1 0 0 1 1 1 1 0 0 0 1 1 0 0 1 -99 -99 -99 0 0 1 1 1 0
2712 1 1 1 0 1 1 1 1 0 1 0 0 1 1 0 0 0 0 1 1 1 0 0 0 1 1 1
514 1 1 0 1 0 0 0 1 1 1 1 0 1 1 1 0 0 1 1 1 1 0 0 1 1 1 0
1136 1 1 0 1 1 0 1 1 1 1 0 0 1 1 1 0 0 1 1 1 1 1 1 0 0 1 1
2276 0 1 1 0 0 0 1 1 1 1 0 0 1 1 1 0 0 0 1 1 1 0 1 1 1 1 1
174 0 1 1 1 1 0 1 0 0 1 1 0 1 1 1 0 0 1 1 1 1 -99 -99 -99 1 1 0
1892 0 1 1 0 0 0 0 0 1 1 0 0 1 0 0 0 0 0 1 1 0 0 0 0 1 1 1
133 1 1 0 0 0 0 0 1 1 0 0 0 0 1 1 1 0 0 1 1 1 0 0 0 1 1 1
1028 0 1 1 1 1 1 1 1 1 0 0 1 1 1 0 0 0 0 0 1 1 1 0 0 1 0 0
668 1 1 1 1 1 0 1 1 0 0 0 0 1 1 0 0 0 0 0 1 1 1 1 0 1 0 0
1541 1 1 1 1 0 0 1 1 1 1 1 1 1 1 1 1 1 0 1 1 1 0 0 0 0 0 0
2111 1 0 0 1 0 0 0 0 1 0 0 1 1 0 0 1 1 0 0 0 0 1 1 0 1 1 0
162 1 1 1 1 1 1 1 1 1 0 0 1 1 1 0 0 0 1 1 1 1 0 0 1 1 1 0
2616 1 1 0 0 0 1 1 1 0 1 1 1 1 1 0 1 0 0 1 1 0 1 0 0 1 1 1
263 1 1 1 0 1 1 0 1 1 1 0 0 1 1 1 1 1 0 1 1 1 0 0 1 1 1 1
2323 1 1 1 1 1 1 1 1 1 1 0 0 0 1 1 0 0 0 1 1 1 1 1 1 1 1 1
1521 0 1 1 1 1 0 1 1 1 1 1 0 1 1 1 1 0 0 1 1 1 1 1 1 1 1 1
2790 0 0 1 0 0 1 1 1 0 1 1 1 1 1 0 1 0 0 1 1 0 1 1 0 1 1 1
2137 1 1 1 0 0 1 0 0 1 0 0 1 0 1 1 1 1 0 1 0 0 1 0 0 0 0 0
305 1 1 1 1 1 1 1 1 0 1 0 0 0 1 1 0 0 0 1 1 1 0 0 0 1 1 0
1027 1 0 0 1 0 0 0 0 1 0 0 0 0 1 1 0 0 1 0 0 0 1 1 0 1 0 0
1881 1 1 1 0 0 1 1 1 0 0 0 0 1 1 0 0 0 0 1 1 1 0 0 1 1 1 1
2571 0 1 1 1 1 1 1 1 1 1 0 0 1 1 0 0 0 0 1 1 0 1 1 0 1 1 1
1962 0 1 1 0 0 0 1 1 0 1 0 0 1 1 1 0 0 1 1 1 1 0 0 1 1 1 1
2451 0 1 1 1 1 1 1 1 1 1 0 0 1 1 1 0 0 0 0 1 1 1 1 1 1 1 1
2210 0 1 1 -99 -99 -99 1 1 0 1 0 0 1 1 1 -99 0 -99 -99 -99 1 0 1 1 1 1 0
2043 0 1 1 1 1 0 1 1 1 1 0 0 1 1 1 0 0 1 0 1 1 1 1 0 1 1 1
2582 0 1 1 1 1 0 1 1 0 0 0 0 1 1 1 0 0 1 1 1 1 1 1 0 1 1 0
1816 1 1 1 1 1 0 0 1 1 1 1 0 1 1 1 1 1 0 1 0 0 1 1 1 1 1 1
1874 1 1 0 1 0 0 1 1 1 1 1 1 1 1 1 1 0 0 0 1 1 0 0 1 0 0 0
645 1 1 0 1 1 1 1 1 0 0 0 0 1 1 1 0 0 1 0 1 1 1 1 0 1 1 1
2224 1 1 1 1 1 0 0 0 1 1 1 0 1 1 0 1 1 1 1 1 1 1 1 1 1 1 0
1653 1 1 1 1 1 0 1 1 0 0 0 1 1 1 0 0 0 0 0 1 1 1 1 0 1 0 0
2214 1 1 1 1 0 0 1 1 1 1 1 0 1 1 1 0 0 1 1 1 1 1 1 0 1 1 1
2468 0 1 1 1 1 0 1 1 1 0 0 0 1 1 0 0 0 0 0 0 1 1 1 0 1 0 0
2109 1 1 1 0 1 1 0 0 1 0 0 0 0 1 1 0 0 0 0 1 1 0 0 1 1 1 1
1761 0 1 1 1 1 0 1 1 1 1 0 0 1 1 1 0 0 1 0 1 1 1 1 1 1 1 1
421 0 1 1 1 1 0 1 1 1 1 0 0 1 1 1 0 1 1 1 1 1 1 1 1 1 1 1
484 0 1 1 1 1 0 1 1 1 1 0 0 1 1 1 0 0 1 0 1 1 1 1 1 1 1 1
444 1 1 1 1 1 0 1 1 1 1 0 0 1 1 1 0 0 1 1 1 1 1 1 1 1 1 1
1473 0 1 1 1 1 0 0 0 1 1 1 0 1 1 1 0 0 0 0 1 1 1 1 0 1 1 1
1039 1 1 1 0 0 0 1 1 0 1 0 0 1 1 1 0 0 0 1 1 1 0 0 0 1 1 1
2483 0 1 1 1 1 0 1 1 0 1 0 0 1 1 0 0 0 1 1 1 1 0 1 1 0 1 1
1225 0 1 1 1 1 0 1 1 1 1 0 0 1 1 0 1 1 0 1 1 1 1 1 0 0 1 1
2250 1 1 1 0 0 0 1 1 1 0 0 0 1 1 1 1 0 0 1 1 1 1 0 0 0 1 1
2174 0 0 1 1 1 0 1 1 1 1 0 0 1 1 1 0 0 0 0 1 1 1 1 0 1 1 0
497 0 1 1 1 1 0 0 1 1 1 1 1 1 1 1 0 0 1 1 1 0 1 0 0 1 1 1
1991 0 1 1 1 0 0 1 1 0 1 0 0 1 1 1 0 0 0 1 1 0 1 1 1 1 1 0
1030 0 0 1 0 0 0 1 1 1 1 1 0 1 1 1 0 0 0 0 1 1 0 0 1 1 1 1
893 0 1 1 1 1 0 1 1 0 0 0 0 1 1 1 0 0 0 1 1 0 1 1 1 1 1 1
770 0 1 1 1 1 0 1 1 1 1 1 0 1 1 1 0 0 1 1 1 1 1 1 0 1 1 0
2623 -99 -99 -99 -99 -99 -99 -99 -99 -99 -99 -99 -99 -99 -99 -99 -99 -99 -99 -99 -99 -99 -99 -99 -99 -99 -99 -99
2779 1 1 1 1 0 0 1 1 1 1 1 0 0 1 1 0 0 0 1 1 0 0 0 1 0 1 1
1016 0 1 1 0 0 0 1 1 1 1 0 0 0 0 0 0 0 1 1 1 1 1 1 1 1 1 1
1198 0 0 1 1 1 0 1 1 1 1 0 0 1 1 1 0 0 0 1 1 0 0 0 1 1 1 1
2526 0 1 1 0 0 1 1 1 0 1 1 0 0 1 1 0 0 1 1 0 0 0 1 1 0 0 1
2141 0 1 1 0 0 1 1 1 0 0 0 0 1 1 0 0 1 1 1 1 0 0 0 1 0 0 1
781 1 1 1 1 0 0 1 0 0 1 0 0 1 1 1 0 0 1 1 1 1 0 1 1 1 1 1
1120 0 1 1 1 1 0 0 0 0 1 1 0 1 1 0 0 0 0 1 1 0 1 1 1 0 1 1
1807 1 1 1 1 1 0 1 1 1 1 1 0 1 1 1 0 0 1 1 1 1 1 1 0 1 1 0
416 0 1 1 1 1 0 0 0 0 0 1 1 1 1 1 0 0 0 1 1 1 1 1 1 1 0 0
672 0 0 1 1 0 0 1 1 1 1 1 1 1 1 1 1 1 1 1 1 1 1 -99 -99 0 0 1
2152 1 1 0 1 1 0 1 1 1 0 1 1 1 1 0 0 0 1 1 1 1 0 0 1 0 1 1
2246 0 1 1 1 1 0 1 1 1 1 0 0 1 1 1 0 0 0 1 1 1 1 1 1 1 0 0
811 1 1 1 1 1 0 1 1 0 1 1 1 1 1 1 0 0 1 1 1 1 1 0 0 1 1 1
491 1 1 0 1 1 0 0 0 0 1 1 1 0 0 0 0 0 0 1 1 1 1 1 1 0 1 1
1938 1 1 1 1 1 1 0 0 0 1 1 0 1 1 0 0 0 1 1 1 0 1 1 1 1 1 0
699 0 1 1 1 1 1 1 1 1 1 0 0 1 1 1 0 0 1 0 0 1 1 1 0 1 1 1
1112 0 1 1 1 0 0 1 1 0 1 0 0 1 1 1 1 0 0 1 0 0 0 0 1 1 1 1
2818 1 1 0 1 1 1 1 1 1 0 1 1 1 1 1 0 0 1 0 1 1 1 1 0 0 0 1
689 0 1 1 0 0 0 1 1 1 1 1 0 1 1 1 0 0 0 1 1 1 1 0 0 1 1 1
2314 0 1 1 1 1 0 1 1 1 1 0 0 1 1 0 0 0 1 1 1 1 1 1 0 1 1 1
1144 1 1 1 0 0 0 1 1 1 1 0 0 1 1 0 1 1 0 1 1 1 0 1 1 1 1 1
1972 1 1 1 1 1 0 1 1 0 1 1 0 1 1 1 0 0 0 1 1 1 0 1 1 1 1 0
575 0 1 1 1 1 0 1 1 1 1 0 0 1 1 1 1 0 0 1 1 1 1 1 0 1 1 0
1643 1 1 1 0 0 0 1 1 1 1 0 0 1 1 1 0 0 0 1 1 0 1 0 0 1 1 1
1109 1 1 1 1 0 0 1 1 1 1 0 0 0 1 1 0 0 0 1 1 1 0 0 0 1 1 1
1773 0 1 1 1 1 0 1 1 0 1 0 0 1 1 0 0 0 1 1 1 1 1 0 0 1 1 1
1846 1 1 1 1 1 1 1 1 1 1 0 0 1 1 1 0 0 0 0 1 1 0 1 1 1 1 1
191 1 0 0 0 0 0 1 1 1 1 1 1 1 1 1 1 1 0 0 1 1 0 0 0 1 1 1
1562 1 1 1 1 1 0 1 1 1 1 0 0 1 1 0 0 0 1 0 1 1 1 0 0 1 1 1
1051 0 1 1 1 0 0 1 1 1 1 0 0 1 1 1 0 0 0 1 1 1 1 0 0 1 1 1
448 0 1 1 0 0 0 1 1 1 1 1 0 1 1 1 0 0 0 1 1 1 0 1 1 0 1 1
1581 0 1 1 1 1 0 1 1 1 1 0 0 1 1 1 0 0 0 1 1 1 1 0 0 1 1 1
1191 1 1 1 1 1 1 1 1 1 1 0 0 0 0 1 0 0 1 1 1 0 1 1 1 1 1 0
822 1 1 1 1 0 0 0 0 0 0 1 1 1 1 0 0 0 0 1 1 1 0 0 0 1 1 1
1912 1 1 1 1 1 0 1 1 0 0 0 0 1 1 1 0 0 0 1 1 0 1 0 0 1 0 0
253 0 1 1 1 1 0 1 1 1 1 0 0 1 1 1 1 0 0 1 1 1 1 1 0 1 1 1
1124 0 1 1 0 0 0 0 0 1 1 0 0 1 1 1 0 0 0 1 1 0 0 0 1 1 1 1
2256 1 1 1 1 1 1 0 0 0 1 1 0 1 1 1 0 0 0 1 1 1 1 1 0 1 1 0
1658 1 1 1 1 1 1 1 1 1 0 1 1 1 1 0 1 0 0 0 1 1 1 0 0 0 1 1
2668 0 1 1 0 0 1 1 1 0 1 0 0 1 1 0 0 0 1 1 1 1 1 0 0 1 1 1
743 1 1 1 1 1 0 1 1 1 1 0 0 1 1 1 0 0 1 -99 1 -99 1 1 1 1 1 1
1596 0 1 1 1 1 0 1 1 0 0 0 0 1 1 1 0 0 1 1 1 0 1 0 0 1 1 1
801 1 1 1 0 0 0 1 1 1 0 0 0 1 1 1 0 0 0 1 1 1 1 1 0 1 1 1
1226 0 1 1 1 1 0 0 1 1 0 0 0 1 1 1 0 0 1 0 1 1 1 1 0 1 1 0
605 0 0 1 1 1 0 1 1 1 1 1 0 0 0 1 0 0 1 1 1 1 1 0 0 0 0 1
1935 0 1 1 1 1 0 1 1 0 0 0 0 1 1 1 0 0 1 1 1 0 1 1 0 1 1 1
2803 1 1 1 1 1 0 1 1 1 1 0 0 1 1 1 0 0 0 1 1 1 1 1 0 0 0 0
2655 1 1 1 1 0 0 1 1 0 1 0 0 1 0 0 0 0 0 0 0 0 1 1 0 1 1 0
626 0 1 1 1 1 1 0 1 1 0 0 0 1 1 1 0 0 1 0 1 1 1 1 1 1 1 1
677 0 1 1 1 1 0 0 0 0 0 0 1 1 1 1 0 1 1 0 1 1 0 0 1 1 1 0
721 0 0 0 0 0 0 0 0 1 0 0 1 0 1 1 0 0 0 1 1 1 0 1 1 1 1 1
2596 1 1 1 0 0 1 1 1 1 0 0 0 0 1 1 0 0 0 1 1 0 0 0 0 1 1 1
551 1 1 1 0 0 0 1 1 1 1 0 0 1 1 1 0 0 1 1 1 1 0 0 0 1 1 0
587 0 1 1 1 1 1 1 1 0 1 0 0 1 1 1 0 0 1 1 1 1 0 0 1 1 1 1
2310 0 1 1 1 1 0 1 1 0 1 1 0 1 1 1 0 0 0 1 1 1 1 1 0 1 1 1
465 -99 -99 -99 -99 -99 -99 -99 -99 -99 -99 -99 -99 -99 -99 -99 -99 -99 -99 -99 -99 -99 -99 -99 -99 -99 -99 -99
1179 0 1 1 0 0 0 1 0 0 1 1 0 1 1 1 0 0 0 0 0 1 0 0 0 1 1 0
993 1 1 0 1 1 1 1 1 1 1 1 0 1 1 1 0 0 1 1 1 1 1 1 1 1 1 0
2521 1 1 1 1 1 0 1 1 1 1 0 0 1 1 1 1 1 0 1 1 0 0 0 0 0 0 1
876 0 1 1 1 1 0 1 1 1 1 0 0 1 1 0 0 0 0 1 1 1 0 0 0 1 1 1
223 1 1 1 0 0 0 1 1 1 1 1 0 1 1 1 0 0 0 1 1 0 0 0 0 0 1 1
816 0 1 1 1 0 0 0 0 0 1 0 0 1 1 1 0 0 1 0 1 1 0 0 0 0 1 1
2311 1 1 1 1 1 1 1 1 1 0 0 0 1 1 0 0 0 0 1 1 1 0 0 0 1 1 1
1933 0 1 1 0 0 0 1 1 1 1 1 1 1 1 0 1 0 0 1 1 1 1 1 0 1 1 1
1210 1 1 1 1 1 1 0 0 1 0 1 1 1 1 0 0 0 1 1 1 1 1 1 0 0 0 0
2628 0 1 1 1 1 0 0 1 1 1 1 0 1 1 1 0 0 1 1 1 1 1 1 0 1 1 1
2449 1 1 1 0 0 0 0 1 1 1 0 0 1 1 1 0 0 0 1 1 1 0 0 0 1 1 1
2034 1 1 1 1 1 0 1 1 1 1 0 0 1 1 1 0 0 1 0 1 1 1 1 1 0 1 1
1083 0 1 1 0 1 1 1 1 0 0 0 1 1 0 0 1 1 0 1 1 1 0 0 1 1 1 0
1015 1 1 1 1 1 0 0 0 1 0 0 0 1 1 1 0 0 0 0 1 1 0 0 0 1 1 0
1132 1 1 0 0 0 0 1 1 1 1 1 1 0 1 1 0 0 0 1 1 0 1 0 0 1 1 1
557 0 1 1 1 0 0 1 1 1 1 1 0 0 1 1 0 0 1 1 1 1 1 1 0 0 0 1
1022 1 1 1 1 1 0 1 1 0 1 0 0 1 1 1 0 0 0 0 1 1 1 1 1 1 1 1
2429 0 1 1 1 1 0 1 1 0 0 0 0 1 1 1 0 0 1 0 0 1 0 0 0 1 1 0
156 1 1 1 1 1 0 1 1 0 1 1 0 1 1 1 0 0 0 1 1 1 1 1 1 1 0 0
971 1 1 1 1 1 0 0 0 1 1 1 0 1 1 1 0 0 0 1 1 1 1 1 1 0 0 0
1861 0 1 1 1 1 0 0 0 0 1 1 0 1 1 1 1 1 1 0 1 1 1 1 1 1 1 1
169 1 1 1 1 1 0 1 1 1 1 0 0 1 1 1 0 0 0 1 1 1 0 0 0 1 1 1
1220 0 0 1 1 1 0 1 1 1 1 0 0 1 1 1 0 0 1 1 1 1 1 0 0 1 1 1
2370 0 1 1 1 1 0 1 1 0 1 0 0 1 1 1 0 0 1 1 1 0 1 1 0 0 1 1
2349 0 1 1 1 1 0 0 0 1 1 0 0 1 1 1 0 0 1 1 1 1 1 1 1 0 1 1
2552 1 1 1 1 0 0 1 1 1 1 0 0 1 1 1 0 0 0 1 1 1 1 1 0 1 1 0
666 1 0 0 1 1 0 0 0 1 0 1 1 0 0 0 1 0 0 1 1 1 1 1 0 0 0 1
806 1 1 0 1 0 0 1 1 1 1 1 0 1 1 1 0 0 1 0 1 1 1 1 0 1 1 1
2694 1 1 1 0 1 1 1 1 1 1 1 0 1 1 1 1 1 0 1 1 1 0 1 1 1 1 1
1976 1 1 1 0 0 1 1 1 1 0 0 0 1 1 1 1 1 1 1 1 0 1 1 1 1 1 1
2537 0 1 1 1 1 0 1 1 0 1 0 0 1 1 1 1 0 0 0 1 1 1 1 1 1 1 1
817 1 1 1 1 1 1 0 1 1 1 0 0 0 1 1 0 0 1 1 1 1 1 1 0 0 1 1
2112 0 1 1 1 1 0 0 0 0 1 0 0 1 1 0 0 0 0 1 1 1 1 1 0 1 1 1
2608 0 1 1 1 1 0 1 1 1 1 0 0 1 1 1 0 0 1 1 1 1 0 0 0 1 1 1
945 1 1 1 0 0 0 1 1 1 1 0 0 1 1 1 0 0 0 1 1 1 0 0 0 1 1 1
1041 0 0 1 1 1 0 1 1 0 1 0 0 1 1 1 0 0 1 1 1 1 0 0 1 1 1 1
2371 1 1 1 0 0 0 0 0 0 0 1 1 0 0 1 0 1 1 1 1 1 1 0 0 1 1 1
502 1 1 1 1 0 0 1 1 1 1 0 0 1 1 1 0 0 1 1 1 1 1 1 0 1 1 1
1451 1 1 1 1 0 0 1 0 0 1 0 0 1 1 1 0 0 0 1 1 1 0 1 1 0 0 0
2142 1 0 0 1 1 0 0 0 0 1 0 0 0 0 1 0 0 1 0 1 1 1 1 1 1 1 0
478 0 0 1 1 1 0 1 1 1 1 1 0 0 0 1 1 1 0 1 1 1 1 1 0 1 1 0
634 1 1 1 1 1 0 1 1 1 1 1 0 1 1 1 0 1 1 0 1 1 1 1 0 1 1 0
2787 1 1 1 0 0 0 1 1 0 0 0 1 1 1 1 0 0 0 0 0 1 0 0 1 1 1 1
2431 0 0 1 1 1 1 1 1 1 0 1 1 0 1 1 0 1 1 0 1 1 1 1 0 0 1 1
1731 0 1 1 1 0 0 1 1 0 1 1 0 1 1 0 0 0 1 0 0 1 1 1 0 1 1 1
715 0 1 1 1 1 0 1 1 1 0 0 0 1 1 1 1 1 1 1 1 1 1 1 0 1 1 1
181 0 1 1 -99 -99 0 1 1 1 1 1 0 1 1 1 0 0 0 1 1 1 1 0 0 0 0 0
2708 1 1 1 1 1 1 1 1 1 0 0 1 0 0 0 0 0 0 0 1 1 0 0 0 1 1 1
1664 1 1 1 1 1 0 1 1 0 1 0 0 1 1 1 0 0 0 1 1 1 0 0 1 1 1 1
1631 0 1 1 1 1 0 1 1 1 1 1 0 1 1 1 1 1 1 1 1 1 1 1 1 1 1 1
2238 0 1 1 1 0 0 1 1 1 1 1 0 1 1 1 0 0 0 1 1 1 1 1 0 1 0 0
1453 0 1 1 1 0 0 1 1 1 1 1 1 1 1 1 0 0 0 0 1 1 1 1 0 1 1 1
542 1 1 1 1 1 1 1 1 0 1 1 1 1 1 0 1 1 1 1 1 1 1 1 1 1 0 0
480 1 1 1 1 0 0 1 1 0 1 0 0 1 1 1 0 0 1 1 1 1 1 1 1 1 1 1
466 1 1 1 1 1 1 1 1 1 1 0 0 1 1 1 0 0 0 0 1 1 1 1 1 1 1 0
1062 1 1 1 0 0 0 1 1 1 1 1 0 1 1 1 0 0 0 1 1 1 1 0 0 1 1 1
1133 1 1 1 1 1 1 1 1 1 1 0 0 1 1 1 1 1 0 1 1 1 1 1 1 1 1 1
1866 1 1 1 1 1 1 1 1 1 1 1 1 0 0 1 0 0 0 1 1 1 1 1 1 1 1 1
1052 0 1 1 1 1 0 1 1 1 1 0 0 1 1 1 0 0 1 1 1 1 1 1 0 1 1 0
1884 1 1 1 1 1 0 1 0 0 0 0 0 1 1 1 0 0 0 0 0 1 0 1 1 0 0 0
786 1 1 0 1 1 0 1 0 0 0 0 1 0 0 1 0 0 0 1 1 1 0 0 1 0 1 1
348 0 0 1 1 0 0 1 1 1 1 0 0 1 1 1 1 0 0 1 1 0 0 1 1 1 1 0
1082 1 1 1 0 1 1 0 0 1 1 1 0 1 1 1 1 0 0 0 0 1 1 1 1 1 1 1
2383 0 1 1 1 1 1 1 1 0 1 0 0 1 1 0 0 1 1 1 1 1 1 1 0 0 0 0
2720 1 1 1 0 0 0 1 1 1 0 0 1 1 1 1 0 0 1 1 1 1 0 0 1 1 1 1
1803 1 1 0 1 0 0 1 1 1 0 0 1 0 0 1 0 0 1 0 1 1 0 0 0 0 1 1
2164 0 0 0 0 0 1 0 1 1 1 1 0 1 1 0 1 1 0 0 0 1 0 1 1 1 1 1
592 1 1 1 1 1 0 1 1 1 1 1 1 1 1 1 0 0 1 1 1 0 0 0 0 1 1 1
1123 -99 -99 -99 -99 -99 -99 -99 -99 -99 -99 -99 -99 -99 -99 -99 -99 -99 -99 -99 -99 -99 -99 -99 -99 -99 -99 -99
2153 1 0 0 1 1 0 0 0 0 1 1 1 1 1 1 0 0 1 0 0 1 1 0 0 1 1 0
886 1 0 0 1 0 0 0 0 1 0 1 1 0 1 1 1 1 0 0 0 1 1 1 1 0 0 1
2027 0 1 1 1 0 0 1 1 1 1 0 0 1 1 1 0 0 0 1 1 1 0 0 0 1 1 0
1925 0 0 0 0 0 1 0 0 1 1 0 0 1 0 0 1 1 0 0 0 0 0 0 0 1 1 1
843 0 1 1 0 1 1 0 1 1 0 1 1 1 0 0 0 1 1 1 0 0 0 1 1 0 1 1
1564 1 1 0 1 1 0 1 1 0 0 1 1 0 0 0 0 1 1 0 1 1 0 1 1 0 0 0
1598 1 1 1 1 1 0 1 1 0 1 1 0 0 0 1 0 0 1 0 1 1 1 1 0 1 1 1
1153 0 1 1 1 1 0 1 1 1 1 0 0 0 1 1 1 0 0 1 1 1 1 1 0 1 1 1
2081 0 1 1 0 0 0 1 1 0 1 1 0 1 1 1 0 0 0 1 1 1 1 0 0 1 1 1
2738 1 1 0 1 1 1 0 0 1 1 0 0 1 1 1 1 0 0 1 1 1 0 0 0 1 1 1
824 1 1 1 1 1 0 1 1 1 1 0 0 1 1 0 0 0 1 0 1 1 1 1 0 0 1 1
520 1 1 0 1 1 1 0 0 0 1 1 1 1 1 0 0 1 1 0 1 1 1 1 1 0 0 0
396 1 1 1 1 1 0 1 1 0 0 1 1 1 1 1 1 1 0 0 1 1 1 1 1 0 0 1
1449 0 1 1 1 0 0 0 0 1 1 1 0 0 1 1 0 0 0 1 1 0 0 0 0 1 1 1
901 0 0 1 1 0 0 0 0 0 1 0 0 0 1 1 0 0 0 0 1 1 1 0 0 1 1 1
406 0 1 1 1 1 0 1 1 1 1 0 0 1 1 1 0 0 0 1 1 1 0 1 1 1 1 1
1686 0 0 1 1 1 0 1 1 1 1 1 0 1 1 1 1 1 0 1 1 0 1 1 1 0 1 1
2170 0 1 1 1 1 0 1 1 1 1 1 0 0 1 1 0 0 1 0 0 1 1 1 1 1 1 0
1953 1 1 1 1 1 1 1 1 1 1 0 0 1 1 1 1 1 0 1 1 1 0 0 1 1 1 0
1624 0 1 1 1 1 0 0 1 1 0 0 1 1 1 1 0 1 1 0 0 1 0 0 0 0 0 1
1783 0 1 1 1 0 0 1 1 1 0 0 0 1 1 0 0 0 0 1 1 1 0 0 1 0 1 1
2011 0 1 1 1 1 1 0 0 1 1 1 0 1 1 1 0 0 1 0 1 1 1 1 1 0 0 1
2575 0 1 1 0 0 0 1 1 1 1 0 0 1 1 1 0 0 0 1 1 1 0 0 0 1 1 1
2270 0 1 1 1 1 0 0 0 1 1 0 0 1 1 1 0 0 0 1 1 1 0 1 1 0 1 1
2132 0 0 1 1 1 0 0 0 1 0 0 1 1 1 0 0 0 0 1 1 1 0 0 1 0 0 1
2204 0 1 1 1 1 0 1 1 1 1 0 0 1 1 0 0 0 1 1 1 1 1 1 0 1 1 0
2683 1 1 1 1 1 0 0 0 1 1 1 0 0 0 1 1 0 0 1 1 0 1 1 1 0 0 1
912 0 1 1 0 0 1 1 1 1 1 1 1 1 1 0 0 0 0 1 1 1 0 1 1 1 1 0
2653 0 1 1 1 1 0 1 1 0 1 1 1 1 1 1 0 0 1 0 1 1 1 1 0 1 1 1
300 0 1 1 1 1 0 1 1 1 1 0 0 1 1 1 0 0 0 1 1 1 1 0 0 1 1 1
1074 0 1 1 0 1 1 0 1 1 0 1 1 1 0 0 1 1 1 0 1 1 1 1 0 0 0 0
1526 0 1 1 0 1 1 1 1 1 1 0 0 1 1 0 0 0 0 0 1 1 0 0 0 0 0 0
714 0 1 1 1 1 0 1 1 0 1 0 0 1 1 0 0 0 1 0 1 1 1 1 0 1 1 0
1872 0 1 1 1 1 0 1 1 1 1 0 0 1 1 1 0 0 1 0 1 1 1 1 0 1 1 1
2610 1 1 1 1 1 0 0 1 1 1 0 0 1 1 0 0 1 1 1 1 1 1 1 0 1 0 0
2334 1 1 1 1 1 0 1 1 1 0 1 1 0 1 1 0 0 1 0 1 1 1 1 1 1 1 0
2252 0 1 1 0 0 0 1 1 0 1 1 0 0 1 1 0 0 0 0 1 1 1 1 0 1 1 0
2777 0 1 1 1 1 0 1 1 1 1 0 0 1 1 1 0 0 0 1 1 1 0 0 1 1 1 1
625 0 1 1 1 0 0 0 0 1 1 0 0 1 1 0 1 0 0 0 1 1 0 1 1 1 1 1
899 0 1 1 1 1 1 1 1 1 0 1 1 1 1 0 0 0 0 0 1 1 0 1 1 1 1 1
917 1 1 1 1 1 1 1 1 1 0 1 1 0 1 1 0 0 0 1 1 1 0 0 1 1 1 1
836 1 1 0 1 1 0 1 1 1 0 1 1 0 0 1 1 1 1 1 1 1 1 1 0 1 1 1
2609 0 1 1 1 1 0 1 1 1 1 0 0 1 1 0 0 0 1 0 1 1 1 0 0 1 1 0
871 0 1 1 1 1 0 1 1 0 1 0 0 1 0 0 0 0 1 1 1 1 1 1 0 1 1 1
1903 0 0 1 1 1 0 1 1 1 1 1 0 1 1 1 0 0 1 0 1 1 1 1 0 1 1 1
1242 1 1 1 0 0 1 1 1 1 1 1 1 1 1 1 0 0 0 1 1 1 0 0 1 1 1 1
2625 0 1 1 1 0 0 1 1 1 1 1 1 1 1 1 1 1 0 1 1 1 1 1 1 1 1 1
2160 1 1 1 0 0 0 1 1 1 1 1 0 1 1 1 0 0 0 1 1 1 0 0 1 1 1 1
1469 1 1 0 0 1 1 1 1 1 1 1 0 1 1 1 0 0 0 0 1 1 1 1 1 1 1 1
1766 0 1 1 0 0 0 1 0 0 1 0 0 0 0 0 0 0 0 0 0 0 0 0 0 0 1 1
628 0 1 1 1 0 0 0 1 1 1 1 0 0 1 1 0 0 0 1 1 0 1 1 1 0 1 1
289 0 1 1 1 0 0 1 1 1 1 0 0 1 1 1 0 0 0 1 1 1 0 1 1 1 1 1
2119 1 1 1 1 0 0 0 1 1 0 0 1 0 1 1 1 1 0 1 1 1 1 1 1 1 1 1
808 1 1 1 1 1 0 1 1 1 1 1 0 1 1 1 0 0 0 1 1 1 1 1 0 1 1 1
1505 0 1 1 1 1 0 1 1 1 1 1 0 1 0 0 1 -99 -99 0 1 1 1 1 0 0 1 1
2681 0 1 1 1 1 0 1 1 1 1 1 0 1 1 1 0 0 0 1 1 1 1 1 0 0 1 1
975 0 1 1 1 1 1 1 1 0 1 0 0 1 1 1 0 1 1 1 1 1 0 0 0 1 1 1
2755 1 1 1 1 0 0 1 1 1 0 1 1 0 0 1 0 0 0 1 1 1 1 0 0 0 1 1
2670 0 0 0 1 1 1 0 0 0 0 1 1 0 0 1 0 0 0 1 1 0 1 1 1 0 0 1
2294 0 0 0 1 1 0 0 1 1 0 1 1 0 1 1 0 0 0 1 1 1 0 0 0 0 1 1
1199 1 1 0 1 1 1 0 0 1 0 1 1 1 1 1 0 0 1 1 1 1 1 1 0 0 0 1
965 -99 -99 -99 -99 -99 -99 -99 -99 -99 -99 -99 -99 -99 -99 -99 -99 -99 -99 -99 -99 -99 -99 -99 -99 -99 -99 -99
518 0 1 1 1 0 0 1 1 1 1 0 0 1 1 1 0 0 0 1 1 1 1 1 0 1 1 1
868 1 1 0 1 1 0 0 1 1 0 1 1 0 0 0 0 0 0 0 1 1 0 1 1 0 1 1
280 0 1 1 1 1 0 1 1 0 1 1 0 1 1 0 0 0 1 0 0 0 1 0 0 1 1 0
318 1 1 1 1 1 0 1 1 1 1 0 0 1 1 1 0 0 0 1 1 1 1 1 0 1 1 0
928 1 1 1 1 1 0 0 1 1 1 0 0 1 1 1 0 0 1 0 1 1 1 0 0 1 1 1
684 1 1 1 1 1 0 1 1 1 1 0 0 1 1 1 1 0 0 1 1 0 0 0 1 1 1 1
873 0 1 1 1 1 0 1 1 1 1 0 0 1 1 1 0 0 0 1 1 1 1 1 1 1 1 1
1868 1 1 1 0 0 0 1 1 1 1 0 0 1 1 1 0 0 0 1 1 0 0 0 0 1 1 1
319 1 1 1 1 1 0 1 1 0 1 0 0 1 1 0 0 0 1 1 1 1 0 1 1 1 1 0
1670 0 1 1 1 1 0 1 1 0 0 0 0 1 1 1 0 0 1 0 0 0 1 1 0 1 1 0
2457 1 1 0 1 1 0 0 0 1 0 1 1 0 1 1 1 0 0 0 1 1 0 0 0 0 1 1
1852 0 1 1 1 1 0 1 1 0 1 1 1 1 1 1 0 0 1 1 1 1 1 1 1 1 1 1
2512 0 1 1 1 1 0 1 1 0 0 0 0 1 1 0 0 0 0 0 0 1 1 1 1 1 1 1
486 1 1 0 1 0 0 0 0 1 0 1 1 0 0 1 1 0 0 0 1 1 1 1 0 0 0 1
1246 0 1 1 1 1 0 1 1 1 1 0 0 1 1 1 0 0 0 1 1 1 0 0 0 1 1 1
2030 0 1 1 1 1 1 1 1 1 1 1 0 1 1 1 0 0 0 0 1 1 1 1 0 1 1 1
1346 0 1 1 1 1 0 0 1 1 1 0 0 0 0 0 0 0 1 1 1 1 1 1 1 1 1 1
2161 1 1 1 1 1 0 0 0 1 1 0 0 1 1 0 0 0 0 1 1 1 1 1 0 0 1 1
1986 0 1 1 1 1 0 1 1 0 1 0 0 1 1 0 0 0 1 0 1 1 0 1 1 1 1 1
1546 1 1 1 1 1 0 1 1 1 1 1 0 1 1 1 0 0 1 1 1 1 1 1 0 0 1 1
1352 1 1 1 1 1 0 1 1 0 1 0 0 1 1 0 0 0 1 1 1 1 1 1 0 1 1 1
2200 1 0 0 1 1 0 0 0 1 0 0 0 0 1 1 1 1 1 1 1 1 1 1 1 0 1 1
875 1 1 1 0 0 1 1 1 1 1 0 0 1 1 0 0 0 0 1 1 0 0 1 1 1 1 0
2320 0 1 1 1 1 1 1 1 0 1 0 0 1 1 1 0 0 0 1 1 1 0 0 1 1 1 0
835 0 1 1 1 1 0 1 1 1 1 1 0 1 1 1 1 1 1 0 1 1 1 1 1 1 1 1
724 1 1 1 1 1 0 1 1 1 1 1 0 0 1 1 0 0 0 1 1 1 0 0 0 1 1 1
2405 0 1 1 1 1 1 1 1 1 1 0 0 1 1 0 0 0 0 1 1 1 1 1 0 1 1 1
947 0 1 1 1 1 0 0 0 1 1 0 0 1 1 1 0 0 0 0 1 1 1 0 0 1 1 1
1746 0 1 1 1 0 0 1 1 1 0 0 0 1 1 1 1 0 0 1 1 1 1 1 1 0 1 1
2486 -99 -99 -99 -99 -99 -99 -99 -99 -99 -99 -99 -99 -99 -99 -99 -99 -99 -99 -99 -99 -99 -99 -99 -99 -99 -99 -99
2266 0 1 1 0 0 0 1 1 1 1 0 0 1 1 1 1 1 1 0 1 1 1 0 0 1 1 1
414 1 1 1 0 0 0 1 1 1 1 1 0 1 1 0 0 0 0 1 1 1 0 0 1 1 1 1
662 1 1 1 0 0 0 1 1 0 1 0 0 1 1 0 -99 -99 -99 0 1 1 1 1 1 1 1 1
2353 1 1 0 1 1 0 1 1 0 1 1 1 0 0 1 0 1 1 0 1 1 1 1 1 0 1 1
1259 1 1 1 1 0 0 1 1 1 1 1 0 1 1 0 0 0 0 1 1 1 0 0 0 1 1 1
776 0 0 1 0 0 1 0 1 1 1 0 0 1 1 1 0 0 0 1 1 1 0 1 1 0 1 1
832 0 1 1 0 0 0 1 1 1 0 0 0 1 1 1 0 0 0 1 1 1 1 0 0 1 1 1
1001 1 1 0 0 1 1 1 1 0 1 1 0 0 1 1 0 0 1 1 1 1 1 1 0 0 0 0
398 0 1 1 1 1 1 1 1 1 1 1 0 1 1 1 1 0 0 1 1 1 1 0 0 1 0 0
680 0 0 1 0 0 0 0 0 0 1 0 0 0 0 0 1 0 0 0 1 1 0 0 0 0 0 0
860 0 1 1 1 1 0 1 1 1 1 0 0 1 1 1 0 0 1 -99 -99 -99 -99 -99 -99 1 1 1
467 0 1 1 1 1 1 1 1 0 1 0 0 1 1 1 0 0 1 1 1 1 1 0 0 1 1 0
682 1 1 0 0 0 0 1 1 0 0 1 1 1 1 1 0 0 0 1 1 0 0 0 1 0 1 1
847 -99 -99 -99 -99 -99 -99 -99 -99 -99 -99 -99 -99 -99 -99 -99 -99 -99 -99 -99 -99 -99 -99 -99 -99 -99 -99 -99
759 0 0 1 1 0 0 1 1 1 1 1 1 1 1 1 0 0 0 0 1 1 0 0 1 0 1 1
2026 0 1 1 1 1 1 0 0 0 1 1 0 1 1 1 1 1 1 1 1 1 1 1 0 0 0 0
388 1 1 1 1 1 0 1 1 0 1 0 0 1 1 1 0 0 0 1 1 0 0 0 1 0 1 1
2229 1 1 1 0 0 1 1 0 0 1 0 0 1 1 1 0 0 0 1 1 0 1 1 1 1 1 1
2780 1 1 0 0 0 0 1 1 1 1 1 1 1 1 1 0 0 0 1 1 1 1 1 1 0 1 1
1944 1 1 1 1 1 1 1 1 0 1 0 0 1 1 1 0 0 1 1 1 1 1 1 0 1 1 1
471 1 1 1 1 0 0 0 1 1 1 0 0 1 1 1 0 0 0 0 1 1 0 0 0 1 1 1
149 1 0 0 1 1 0 0 0 0 1 0 0 1 1 1 0 0 1 0 0 1 1 0 0 0 0 0
2172 0 0 0 0 0 1 1 0 0 0 0 1 0 1 1 0 0 0 1 1 0 0 0 1 1 1 1
1981 0 1 1 1 1 0 1 1 0 1 0 0 1 1 1 0 0 0 1 1 1 0 0 1 1 1 0
1061 0 0 0 1 0 0 0 1 1 0 0 0 0 1 1 0 0 0 0 1 1 1 0 0 1 1 1
2783 0 1 1 0 0 0 1 1 0 1 0 0 1 1 1 0 0 0 1 1 1 0 0 1 1 1 1
1158 0 1 1 0 0 0 1 1 1 0 0 0 1 1 1 0 0 0 0 1 1 1 1 1 1 1 1
2195 0 1 1 1 1 0 1 1 0 1 0 0 1 1 1 -99 -99 -99 1 1 1 1 1 0 1 1 0
853 1 1 1 0 0 1 0 0 0 1 1 0 1 1 1 0 0 0 0 1 1 1 0 0 0 0 0
1662 0 0 1 1 1 0 0 1 1 0 0 1 1 1 1 0 0 0 0 1 1 0 1 1 1 1 1
128 0 1 1 1 1 0 1 1 1 1 0 0 1 1 1 0 1 1 1 1 1 1 0 0 1 1 1
1557 0 1 1 1 1 0 1 1 0 1 1 0 1 1 0 0 0 1 1 1 1 0 0 1 1 1 0
1033 -99 -99 -99 -99 -99 -99 -99 -99 -99 -99 -99 -99 -99 -99 -99 -99 -99 -99 -99 -99 -99 -99 -99 -99 -99 -99 -99
2260 1 0 0 1 1 1 0 0 1 1 0 0 0 0 1 0 0 0 0 0 1 0 0 0 0 1 1
635 0 1 1 1 1 0 1 1 1 0 0 0 0 1 1 0 0 0 1 1 1 0 0 0 1 -99 -99
563 1 1 1 0 0 1 1 1 1 1 0 0 1 1 1 1 0 0 1 1 0 0 1 1 1 1 1
2220 0 1 1 1 1 1 1 1 1 1 0 0 0 1 1 0 0 1 0 0 1 1 1 1 1 1 1
1169 0 1 1 1 1 1 1 1 1 1 0 0 1 1 1 1 1 1 1 1 1 1 1 1 1 1 1
1091 0 1 1 1 1 0 1 1 0 1 1 0 1 1 0 0 0 1 1 1 1 1 1 0 0 1 1
571 0 1 1 0 1 1 1 1 1 0 1 1 1 1 0 0 0 0 0 1 1 0 1 1 0 1 1
2158 1 1 1 1 0 0 1 1 1 1 1 0 0 1 1 1 0 0 1 1 1 0 0 0 1 1 1
1119 0 1 1 1 1 1 1 1 0 0 0 0 1 1 1 1 1 1 1 1 1 1 1 1 1 1 0
734 0 1 1 1 1 0 1 1 1 1 1 0 1 1 1 0 0 1 1 1 1 1 1 1 1 1 1
897 0 0 1 1 1 0 1 1 0 0 0 0 1 1 0 1 1 0 1 1 0 0 0 1 1 1 0
986 1 1 1 1 1 0 1 1 1 1 1 0 1 1 1 0 0 0 1 1 1 1 1 0 1 1 1
585 1 1 1 1 1 0 0 0 1 1 0 0 1 1 1 0 1 1 1 1 1 0 0 0 1 1 0
553 1 1 1 0 1 1 0 1 1 1 0 0 1 1 0 0 0 0 0 1 1 0 1 1 0 0 1
1010 1 1 1 1 1 0 1 1 1 0 0 0 1 1 0 0 0 1 1 1 1 1 1 0 1 1 1
1882 0 1 1 1 0 0 1 1 0 1 0 0 0 1 1 1 1 0 1 1 1 0 1 1 1 1 0
230 1 1 1 1 1 0 0 0 0 1 1 0 0 1 1 0 0 1 0 1 1 1 1 0 1 0 0
1201 1 0 0 1 1 0 0 0 0 0 1 1 0 0 0 1 1 1 0 0 0 0 0 1 0 0 1
794 0 1 1 0 0 1 0 1 1 1 1 1 0 1 1 0 0 0 0 0 1 0 0 0 1 1 1
2071 0 1 1 1 1 0 1 1 1 1 0 0 1 1 1 0 0 1 1 1 1 1 1 1 1 1 1
1644 0 1 1 0 0 0 1 1 1 1 0 0 1 1 1 1 0 0 1 1 1 0 0 1 0 1 1
922 0 1 1 1 1 1 1 1 1 1 0 0 1 1 1 0 0 0 1 1 1 1 0 0 1 1 1
2167 -99 -99 -99 -99 -99 1 -99 1 -99 -99 -99 -99 1 1 1 -99 -99 0 -99 -99 -99 -99 -99 -99 -99 -99 -99
951 1 1 1 0 1 1 1 1 0 0 0 0 1 1 1 0 0 0 1 1 1 0 1 1 0 1 1
1530 0 1 1 1 1 0 1 1 1 1 1 1 1 1 1 0 0 1 1 1 1 1 0 0 0 1 1
1680 0 1 1 1 1 0 1 1 0 1 0 0 1 1 0 0 0 0 0 1 1 0 0 0 1 1 1
1122 1 1 1 1 1 0 1 1 1 1 1 0 1 1 1 0 0 0 1 1 1 1 1 0 1 1 1
539 1 1 1 1 0 0 1 1 1 1 0 0 1 1 0 1 1 1 1 1 1 1 1 0 -99 -99 -99
996 0 1 1 1 1 0 1 1 1 1 1 1 1 0 0 1 0 0 1 1 1 0 0 1 1 1 1
271 1 1 0 1 1 0 1 1 0 0 0 1 1 1 0 0 0 1 0 1 1 1 0 0 1 1 0
959 1 1 1 1 0 0 1 1 1 1 1 0 1 1 1 0 0 1 0 1 1 1 0 0 1 1 1
2239 0 1 1 1 1 0 1 1 0 0 1 1 1 1 1 0 0 0 1 1 1 1 1 1 1 1 1
2603 1 1 0 1 1 0 0 -99 -99 1 0 0 1 1 1 0 0 1 1 1 1 1 1 1 0 1 1
1713 0 1 1 1 1 0 1 1 1 0 0 0 1 1 1 0 1 1 1 1 1 1 1 0 1 1 0
2820 1 1 1 0 1 1 0 0 1 0 0 0 1 1 0 1 1 0 1 1 0 0 0 1 0 0 1
2658 0 0 1 1 1 0 1 1 0 1 0 0 0 1 1 0 0 0 0 0 1 1 1 0 1 1 1
1021 0 0 1 -99 -99 -99 1 -99 -99 1 1 0 1 0 0 0 0 1 -99 -99 1 0 0 0 0 0 1
1957 0 0 0 1 1 1 0 1 1 1 0 0 1 1 1 0 0 0 0 1 1 1 1 0 1 1 1
2039 1 1 1 0 1 1 1 1 1 1 0 0 1 1 1 0 0 0 1 1 1 1 1 0 1 1 1
750 0 1 1 -99 -99 -99 1 1 1 1 1 0 1 1 1 0 0 1 1 1 1 1 1 1 1 1 1
2631 1 1 1 0 1 1 1 1 1 0 1 1 1 1 0 0 0 0 0 0 1 1 0 0 1 1 0
942 0 1 1 1 1 0 1 1 1 1 0 0 0 1 1 0 0 0 1 1 1 1 0 0 1 1 1
1240 0 1 1 0 0 0 1 1 1 1 0 0 0 1 1 0 0 1 1 1 1 0 0 0 1 1 1
1535 1 1 1 0 0 0 1 1 1 1 0 0 1 1 0 0 0 0 1 1 0 0 0 1 1 1 1
1774 1 1 1 1 1 1 0 0 1 1 0 0 1 1 1 0 0 0 1 0 0 0 1 1 1 1 1
1081 0 1 1 1 1 0 1 1 1 1 0 0 1 1 0 0 0 0 0 1 1 0 1 1 1 1 1
887 1 1 1 1 1 0 1 1 1 1 0 0 1 1 1 1 0 0 1 1 1 1 1 0 1 1 0
2355 0 1 1 1 0 0 1 0 0 1 1 0 1 1 1 0 0 1 1 1 1 1 1 1 1 1 0
2216 0 1 1 0 1 1 1 1 1 1 0 0 1 1 1 0 0 0 1 1 1 0 0 1 1 1 0
1771 0 1 1 1 0 0 1 1 1 1 0 0 1 1 1 0 0 0 0 0 1 1 0 0 1 1 0
608 0 1 1 1 1 0 1 1 0 1 1 0 1 1 0 0 0 0 1 1 1 1 0 0 1 1 1
895 0 1 1 1 1 1 1 1 0 1 0 0 1 1 1 0 0 0 1 1 1 1 0 0 1 0 0
2583 0 1 1 1 1 0 1 1 1 1 0 0 1 1 1 0 0 0 1 1 1 1 1 0 1 1 1
1951 0 1 1 0 0 0 1 1 1 1 1 0 1 1 1 0 1 1 1 1 1 1 1 0 1 1 1
1702 0 0 1 1 1 0 0 1 1 1 0 0 1 1 0 0 0 1 1 1 1 1 1 0 1 1 0
2470 0 1 1 0 0 0 1 1 1 1 0 0 1 1 1 0 0 0 0 1 1 1 0 0 1 1 1
2645 0 1 1 1 1 0 1 1 1 1 0 0 1 1 1 0 1 1 1 1 1 1 1 0 1 1 0
2714 1 1 1 0 0 0 1 1 1 1 1 0 1 1 1 0 0 0 0 1 1 1 0 0 1 1 1
2066 0 1 1 1 1 0 1 1 0 1 1 0 1 1 1 1 1 1 1 1 1 0 0 1 0 1 1
1871 0 1 1 1 0 0 1 1 1 1 1 0 1 1 0 0 0 1 1 1 1 1 1 0 1 1 0
2225 1 1 1 1 0 0 1 1 1 1 1 1 1 1 1 0 0 0 1 1 0 1 0 0 1 1 0
1151 1 1 1 0 0 0 1 1 1 1 0 0 0 1 1 0 0 0 1 1 1 1 0 0 1 1 1
1527 0 1 1 1 0 0 1 1 1 1 0 0 1 1 0 0 0 1 1 1 1 1 1 0 0 1 1
2685 1 1 1 1 1 1 1 0 0 0 1 1 1 1 0 0 1 1 0 1 1 1 1 1 1 1 1
795 0 1 1 1 0 0 1 1 1 1 1 0 1 1 1 0 0 1 0 1 1 1 1 1 0 1 1
1244 1 1 0 1 1 0 1 1 1 1 0 0 0 0 1 0 1 1 1 1 1 1 1 1 0 1 1
2548 0 1 1 1 1 0 1 1 1 0 0 0 1 1 1 0 0 0 1 1 1 1 1 0 1 1 0
2122 0 1 1 1 1 1 1 1 1 0 1 1 1 0 0 0 1 1 0 1 1 1 1 1 0 1 1
841 1 1 1 1 1 0 0 0 1 1 0 0 1 1 1 1 1 1 1 1 1 1 1 1 0 1 1
2813 0 1 1 1 1 0 0 0 1 1 0 0 1 1 1 0 0 1 0 1 1 1 1 0 1 1 0
1200 1 0 0 1 1 0 1 1 1 1 0 0 1 1 1 0 0 1 1 1 1 1 0 0 0 1 1
239 1 1 1 1 0 0 1 1 1 1 1 0 1 1 1 1 0 0 1 1 1 1 1 0 1 1 1
2287 1 1 1 0 0 1 0 1 1 0 1 1 1 1 0 0 0 0 0 0 0 0 1 1 0 1 1
568 1 1 1 1 1 1 1 1 1 1 1 0 1 1 1 0 0 0 0 1 1 1 1 0 1 1 1
2662 -99 -99 -99 -99 -99 -99 -99 -99 -99 -99 -99 -99 -99 -99 -99 -99 -99 -99 -99 -99 -99 -99 -99 -99 -99 -99 -99
2013 1 1 0 1 0 0 1 1 0 1 0 0 0 0 1 0 0 0 1 1 1 1 0 0 1 1 1
1876 0 1 1 1 0 0 0 1 1 1 0 0 1 1 0 0 1 1 1 1 1 1 1 1 1 0 0
326 0 1 1 0 0 0 0 0 1 1 1 0 1 1 1 0 0 0 1 1 1 0 1 1 1 1 1
2706 1 1 1 0 0 0 1 1 1 1 0 0 -99 -99 -99 0 0 0 0 1 1 0 1 1 1 1 0
2414 0 1 1 1 1 0 1 0 0 1 0 0 1 1 0 0 0 0 1 1 1 1 1 1 1 1 1
2192 0 1 1 0 0 1 1 1 0 0 1 1 1 1 1 0 0 0 1 1 1 1 0 0 0 1 1
2073 0 1 1 1 0 0 1 1 1 1 1 0 1 1 0 0 0 1 1 1 1 1 1 1 1 1 1
2003 0 1 1 1 0 0 1 1 1 1 0 0 1 1 1 0 0 1 1 1 1 1 1 0 1 1 1
2656 1 1 1 1 1 0 0 0 1 0 0 0 1 1 0 1 1 1 1 1 1 0 1 1 1 1 0
1692 1 1 1 1 1 1 1 1 1 1 1 1 1 1 0 0 0 0 1 1 1 1 1 1 1 1 0
2421 1 1 1 1 1 0 1 1 0 1 0 0 1 0 0 0 0 0 1 1 1 0 0 0 -99 1 -99
1056 0 1 1 1 1 0 1 1 0 1 1 0 1 1 0 0 0 1 1 1 1 1 1 0 1 1 0
2032 0 1 1 1 1 0 1 1 1 1 1 0 1 1 0 0 0 1 0 1 1 1 0 0 1 1 0
2151 0 1 1 1 0 0 1 1 1 1 1 0 1 1 0 0 0 0 0 1 1 1 1 0 0 0 0
2387 0 1 1 1 0 0 1 1 1 1 1 0 1 1 1 0 0 0 1 1 1 1 0 0 1 1 0
2185 0 1 1 1 1 0 1 1 1 1 1 1 1 1 1 0 0 0 1 1 1 1 1 0 1 1 0
1764 1 1 1 1 1 1 0 1 1 1 1 1 1 1 1 0 0 0 1 1 1 1 0 0 1 1 1
1848 0 0 1 1 1 0 1 1 1 1 0 0 1 1 0 0 0 1 1 1 1 1 1 0 1 1 0
1715 1 1 1 1 1 0 1 1 1 1 0 0 1 1 1 0 0 0 1 1 1 1 1 1 1 1 1
852 1 0 0 0 0 0 0 1 1 1 0 0 0 0 1 1 1 0 0 0 0 1 1 1 1 1 1
1900 1 1 1 1 1 0 1 1 0 1 0 0 1 1 1 0 0 1 1 1 1 1 0 0 1 1 0
1573 0 1 1 1 1 0 1 1 1 1 0 0 1 1 0 1 0 0 1 1 1 1 1 0 1 1 0
2458 1 1 1 1 1 1 1 1 1 0 0 0 1 1 1 0 0 0 0 1 1 0 0 1 1 1 1
1168 1 1 1 1 0 0 1 1 1 1 0 0 0 1 1 0 0 0 1 1 1 0 1 1 1 1 1
353 1 1 0 1 1 0 1 0 0 0 1 1 0 1 1 0 0 0 1 1 1 0 1 1 0 1 1
1915 0 1 1 0 0 0 1 1 0 0 0 0 1 1 1 0 0 0 1 1 1 0 0 0 1 1 1
442 1 1 1 1 1 1 1 1 1 1 1 1 1 1 1 1 1 1 1 1 1 1 1 1 1 1 1
2050 0 1 1 1 1 0 1 1 1 1 0 0 1 1 1 0 0 1 1 1 1 1 1 0 1 1 0
2029 1 1 1 1 1 0 1 1 1 1 1 0 1 1 1 0 1 1 0 1 1 1 1 0 1 1 0
1367 1 1 1 1 1 0 1 1 1 1 1 0 1 1 1 0 0 0 1 1 1 1 1 1 1 1 0
2420 1 0 0 1 1 0 0 1 1 1 0 0 1 1 1 1 1 0 1 1 1 1 0 0 0 1 1
2227 0 0 1 0 0 1 0 0 1 0 0 0 0 0 1 0 0 1 1 0 0 0 0 1 0 0 0
1742 1 1 1 0 1 1 1 1 1 0 0 1 1 1 1 0 0 0 1 1 0 0 1 1 1 1 1
1748 1 1 0 1 1 0 1 1 0 1 1 1 0 1 1 0 0 1 0 1 1 0 0 1 0 1 1
2824 0 1 1 1 0 0 0 1 1 1 1 0 1 1 1 0 0 0 1 1 1 0 0 0 0 1 1
2517 1 1 1 1 1 1 1 1 1 1 0 0 1 1 1 0 0 0 0 1 1 1 1 0 1 1 1
2346 0 1 1 1 1 0 0 0 0 1 0 0 1 1 1 0 0 0 1 1 1 1 0 0 1 1 1
1474 1 1 1 1 1 1 1 0 0 0 0 0 1 1 1 0 0 0 1 1 1 1 0 0 0 1 1
1672 1 1 1 1 1 0 1 1 0 1 1 0 1 1 1 0 0 1 1 1 1 1 1 0 1 1 1
2519 -99 -99 1 0 1 1 0 1 1 0 1 1 -99 1 -99 1 1 1 0 0 1 -99 -99 1 1 1 1
479 0 1 1 1 1 0 1 1 1 1 0 0 1 1 1 0 0 0 1 1 1 1 1 0 0 1 1
2092 0 1 1 1 1 0 1 1 0 1 1 0 1 1 1 0 0 1 1 1 0 1 1 0 0 0 1
703 1 1 1 1 0 0 1 1 1 0 0 0 1 1 1 0 0 1 0 1 1 0 0 0 1 1 0
1654 1 1 1 1 1 0 1 0 0 1 0 0 0 1 1 0 0 0 1 1 1 1 1 0 0 1 1
228 0 1 1 1 1 1 1 1 0 0 0 1 1 1 1 1 1 0 1 1 1 0 1 1 1 1 1
943 1 0 0 1 0 0 0 0 1 1 0 0 1 1 0 1 1 0 1 0 0 1 1 0 0 0 1
2721 1 1 1 1 0 0 1 1 1 1 0 0 1 1 0 0 0 1 1 1 1 0 0 1 1 1 1
1982 1 1 1 1 1 0 1 1 1 1 1 0 1 1 1 0 0 0 1 1 1 1 1 0 0 0 0
436 0 1 1 1 1 0 1 1 0 1 1 0 1 1 1 0 0 0 1 1 1 1 1 1 1 0 0
1617 1 1 1 1 1 1 1 1 0 0 0 1 1 1 0 0 1 1 0 1 1 1 1 0 1 1 1
1384 1 1 1 1 1 0 1 1 1 1 1 1 0 1 1 1 0 0 1 1 1 1 1 1 1 1 1
1480 0 1 1 0 1 1 1 1 1 1 1 1 0 1 1 1 1 1 0 1 1 1 1 1 1 1 1
547 1 1 1 1 1 0 1 1 1 0 0 0 1 1 0 0 0 1 0 1 1 0 0 0 1 1 0
2516 0 1 1 1 1 0 1 1 1 0 0 0 1 1 0 0 0 0 1 1 1 -99 -99 -99 1 1 0
2488 1 1 1 1 1 1 1 1 0 1 1 1 1 1 1 0 0 0 1 1 1 1 0 0 1 1 1
311 0 1 1 1 1 1 0 0 0 0 1 1 1 0 0 0 0 1 0 1 1 1 0 0 0 1 1
464 0 1 1 1 1 0 1 1 0 1 0 0 1 1 1 0 0 1 0 1 1 1 1 1 1 1 0
723 1 1 0 0 0 1 0 0 0 1 0 0 1 0 0 1 1 0 0 1 1 0 0 1 0 0 1
1718 0 0 0 1 1 0 1 0 0 0 1 1 1 1 1 0 0 0 1 0 0 0 0 1 0 1 1
2337 1 1 0 1 1 0 0 0 1 0 1 1 1 1 0 0 0 0 1 1 1 0 1 1 0 1 1
308 1 1 0 1 1 1 0 0 0 0 1 1 0 0 0 1 1 0 0 1 1 1 1 0 0 1 1
656 0 1 1 1 1 0 1 1 0 1 0 0 1 1 1 0 1 1 1 0 0 1 1 1 1 1 0
1633 -99 -99 -99 -99 -99 -99 1 1 1 -99 -99 -99 -99 -99 -99 -99 -99 -99 -99 -99 -99 -99 -99 -99 -99 -99 -99
1102 0 1 1 1 1 1 1 1 1 1 0 0 1 1 1 1 1 1 0 1 1 1 0 0 1 1 0
2144 1 1 1 1 1 0 0 0 1 1 0 0 1 1 1 0 0 0 1 1 1 1 1 0 1 1 0
1707 0 0 1 1 1 0 1 1 0 0 1 1 1 1 0 1 1 0 1 1 0 1 1 0 0 0 1
1037 1 0 0 1 1 0 1 1 0 0 1 1 1 1 1 0 0 0 0 1 1 1 1 0 0 0 0
2091 0 1 1 1 1 0 1 1 1 1 0 0 1 1 0 0 1 1 1 1 1 0 1 1 1 1 1
762 1 0 0 1 0 0 1 0 0 1 0 0 0 0 0 0 1 1 1 0 0 0 1 1 0 0 1
1228 -99 -99 -99 0 0 0 0 1 1 1 1 0 1 1 0 1 0 0 0 0 1 1 0 0 1 1 1
454 0 0 1 0 1 1 1 1 0 1 1 0 1 1 0 0 1 1 0 1 1 0 1 1 0 1 1
1009 1 1 1 0 0 0 0 1 1 0 0 1 1 1 1 0 1 1 1 1 1 0 1 1 0 1 1
819 0 1 1 1 1 0 1 1 0 1 1 0 1 1 0 0 0 1 1 1 0 1 1 0 0 0 1
1103 0 1 1 1 1 0 1 1 1 1 0 0 1 1 1 0 0 0 0 0 1 1 1 0 1 1 1
1429 1 1 1 1 1 0 1 1 1 1 1 0 1 1 0 0 0 1 1 1 1 0 1 1 0 0 1
2423 1 1 0 0 1 1 1 1 1 1 1 1 1 1 1 0 0 0 1 1 0 0 0 1 0 1 1
2621 1 1 1 1 1 0 1 1 1 1 1 1 1 1 1 0 0 0 0 1 1 1 0 0 1 1 0
473 0 1 1 1 1 0 1 1 0 1 0 0 1 1 0 0 0 0 1 1 1 1 0 0 1 1 0
1000 1 1 1 1 1 0 1 1 1 1 0 0 1 1 1 0 1 1 1 1 1 1 1 0 1 1 1
530 1 1 1 1 0 0 1 1 1 1 1 0 1 1 1 0 0 1 0 1 1 0 1 1 1 0 0
1970 -99 -99 -99 -99 -99 -99 -99 -99 -99 -99 -99 -99 -99 -99 -99 -99 -99 -99 -99 -99 -99 -99 -99 -99 -99 -99 -99
857 0 1 1 1 0 0 1 1 0 1 1 1 1 1 0 0 0 1 1 1 1 1 1 1 0 1 1
1389 0 1 1 1 1 0 1 1 1 1 1 0 0 1 1 0 0 0 1 1 1 0 0 0 1 1 1
2173 0 1 1 1 1 1 1 1 1 0 0 1 1 1 0 1 0 0 0 1 1 0 0 1 1 1 0
370 -99 -99 -99 -99 -99 -99 1 -99 -99 -99 -99 -99 -99 -99 -99 -99 -99 -99 1 -99 -99 1 -99 -99 -99 -99 -99
2212 1 1 1 0 0 1 1 1 1 0 0 0 1 1 1 0 0 0 0 1 1 0 0 0 1 1 1
508 0 0 1 1 1 0 1 1 1 1 1 0 1 1 1 0 0 1 1 1 1 0 1 1 1 1 1
425 1 1 1 1 1 0 1 1 0 0 0 1 1 1 1 0 0 0 1 1 1 1 1 0 1 1 1
970 1 1 1 0 0 0 0 0 1 1 1 0 1 1 1 0 0 0 1 1 1 1 0 0 1 1 1
676 1 1 1 1 0 0 1 1 1 1 0 0 1 1 1 0 0 1 1 1 1 1 1 0 0 1 1
1625 0 1 1 0 1 1 0 0 1 1 0 0 1 1 1 0 0 1 0 1 1 1 0 0 0 1 1
744 0 1 1 1 1 0 1 1 1 1 0 0 1 1 0 1 0 0 1 1 1 0 1 1 1 1 1
1441 0 1 1 0 0 0 1 1 1 1 0 0 1 1 1 0 0 0 1 1 1 0 0 1 0 1 1
2594 -99 -99 -99 -99 -99 -99 -99 -99 -99 1 0 0 -99 -99 -99 -99 -99 -99 -99 -99 -99 -99 -99 -99 -99 -99 -99
809 1 1 1 1 0 0 1 1 1 1 0 0 1 1 1 0 0 0 1 1 1 1 1 1 0 0 1
602 0 1 1 1 1 1 1 0 0 1 0 0 1 1 0 1 0 0 0 1 1 0 0 1 0 0 1
428 0 0 1 0 1 1 0 1 1 0 0 0 0 1 1 0 0 1 0 1 1 1 1 0 0 1 1
687 1 1 0 1 1 0 0 0 0 0 1 1 1 0 0 0 0 1 1 1 0 0 0 0 0 0 1
1036 1 1 1 1 0 0 1 1 1 0 1 1 0 0 1 0 0 0 1 1 1 0 0 1 0 1 1
1115 0 0 0 1 0 0 1 1 1 1 1 0 1 1 1 1 1 1 0 0 0 0 0 0 0 0 0
2435 0 0 1 1 0 0 1 1 1 0 1 1 1 1 1 0 0 1 0 1 1 1 1 1 1 1 1
574 1 1 0 1 1 0 0 0 0 0 1 1 0 1 1 0 0 0 0 1 1 1 1 1 0 0 0
600 0 0 0 1 1 0 1 1 0 0 1 1 1 0 0 1 1 0 1 1 0 1 1 0 1 0 0
736 0 1 1 1 0 0 1 1 0 0 0 0 0 0 1 0 0 1 1 1 1 0 1 1 0 0 1
2263 1 1 0 0 0 0 0 0 1 0 1 1 0 1 1 0 0 0 1 1 0 0 0 0 0 0 1
380 1 1 1 1 0 0 1 1 1 1 1 1 0 0 1 0 0 0 1 1 1 1 1 0 1 1 1
655 0 1 1 1 1 1 1 1 1 1 0 0 1 1 1 1 0 0 1 1 1 1 1 0 1 1 1
1236 0 1 1 1 1 1 1 1 0 1 0 0 1 1 1 0 0 1 0 1 1 0 0 0 1 1 0
572 -99 -99 -99 1 1 1 0 1 1 1 1 1 1 1 0 0 1 1 1 1 0 0 1 1 0 0 1
203 1 1 1 0 0 1 0 0 1 1 0 0 0 0 1 0 0 1 1 1 1 1 0 0 0 1 1
420 -99 -99 -99 -99 -99 -99 -99 -99 -99 -99 -99 -99 -99 -99 -99 -99 -99 -99 -99 -99 -99 -99 -99 -99 -99 -99 -99
2584 1 1 0 1 1 1 1 1 0 0 0 1 1 1 0 0 0 0 1 1 1 0 0 0 1 1 1
214 1 1 0 1 1 0 1 1 1 0 1 1 1 1 1 0 0 0 1 1 1 1 1 0 0 1 1
1329 1 1 1 0 0 0 1 1 1 1 0 0 1 1 1 1 0 0 1 1 0 1 0 0 1 1 1
1156 -99 -99 -99 -99 -99 -99 -99 -99 -99 -99 -99 -99 -99 -99 -99 -99 -99 -99 -99 -99 -99 -99 -99 -99 -99 -99 -99
1517 0 1 1 1 1 0 1 1 1 1 0 0 1 1 1 0 0 1 1 1 0 1 1 1 1 1 0
352 1 1 1 1 1 0 1 1 1 1 0 0 1 1 1 0 0 1 0 1 1 1 1 1 1 1 1
632 0 1 1 1 1 1 1 1 1 1 1 1 1 1 0 1 1 1 1 1 1 1 1 1 1 1 1
641 -99 -99 -99 -99 -99 -99 -99 -99 -99 -99 -99 -99 -99 -99 -99 -99 -99 -99 -99 -99 -99 -99 -99 -99 -99 -99 -99
384 1 1 1 1 0 0 1 1 1 1 0 0 1 1 1 1 1 0 1 1 1 1 1 1 1 1 1
2788 0 0 0 0 0 0 1 1 1 1 0 0 0 0 0 0 0 1 0 1 1 0 0 1 0 1 1
187 1 1 1 1 1 0 1 1 0 1 1 0 1 1 0 0 0 1 1 0 0 0 1 1 0 0 0
1029 0 1 1 1 1 0 1 1 1 1 1 0 1 1 1 0 0 0 1 1 1 1 1 0 1 1 1
301 0 1 1 1 0 0 1 1 1 1 0 0 1 1 1 0 0 0 1 1 1 1 1 1 1 1 0
2403 0 0 0 0 0 0 0 0 1 0 1 1 0 0 0 1 1 1 0 0 1 0 1 1 0 1 1
124 0 1 1 1 0 0 1 1 1 1 0 0 1 1 0 0 0 0 1 1 1 0 1 1 1 1 0
745 0 1 1 1 0 0 0 1 1 0 0 1 0 1 1 0 1 1 1 1 1 1 1 1 0 1 1
489 0 1 1 1 1 1 1 1 0 0 1 1 1 1 0 0 0 0 0 1 1 1 1 0 1 1 0
1164 1 1 0 1 1 0 1 1 1 1 1 0 0 1 1 1 0 0 0 0 1 1 1 0 0 1 1
1159 0 1 1 1 1 0 1 1 1 0 0 0 1 1 1 0 0 0 0 1 1 1 0 0 1 1 1
1433 0 1 1 0 1 1 0 0 1 1 1 0 1 0 0 0 0 0 0 1 1 0 0 1 0 0 1
773 0 0 1 1 0 0 1 1 0 0 1 1 1 1 1 0 0 0 1 0 0 1 1 0 1 1 0
804 0 1 1 1 1 0 0 0 1 0 0 0 1 1 0 1 1 0 0 0 0 0 0 1 0 0 1
613 -99 -99 -99 -99 -99 -99 -99 -99 -99 -99 -99 -99 -99 -99 -99 -99 -99 -99 -99 -99 -99 -99 -99 -99 -99 -99 -99
764 -99 -99 -99 -99 -99 -99 -99 -99 -99 -99 -99 -99 -99 -99 -99 -99 -99 -99 -99 -99 -99 -99 -99 -99 -99 -99 -99
690 1 1 1 1 1 0 0 1 1 1 0 0 1 1 0 0 0 0 1 1 1 0 1 1 1 1 1
845 0 1 1 0 1 1 1 0 0 0 1 1 0 1 1 0 1 1 1 0 0 0 1 1 0 0 1
1502 1 1 0 1 1 0 1 1 0 1 0 0 1 1 0 1 0 0 1 1 0 0 0 0 0 0 1
294 0 1 1 1 1 0 1 1 1 1 0 0 1 1 0 0 0 1 1 1 1 1 1 1 1 1 1
408 0 0 1 0 1 1 0 0 0 0 0 0 1 0 0 0 1 1 0 1 1 0 1 1 1 1 1
883 -99 -99 -99 -99 -99 -99 -99 -99 -99 0 -99 -99 0 -99 -99 1 -99 -99 0 -99 -99 1 -99 -99 -99 -99 -99
2797 1 1 1 1 1 1 1 1 1 1 1 1 1 1 1 1 1 1 1 1 1 1 1 1 1 1 1
283 0 1 1 1 1 0 0 0 1 1 0 0 1 1 1 0 0 1 0 0 1 0 1 1 1 1 1
601 1 1 1 1 1 1 -99 -99 -99 1 1 1 1 1 1 1 1 1 1 1 1 1 1 1 1 1 1
220 0 1 1 1 1 1 0 0 1 1 0 0 1 1 1 0 0 0 0 0 1 0 1 1 1 1 0
245 1 1 1 1 0 0 1 1 1 1 1 0 0 0 1 0 0 0 1 1 1 1 1 1 1 1 0
312 0 0 1 0 1 1 0 1 1 0 1 1 1 0 0 1 1 1 0 1 1 0 0 0 0 1 1
166 1 1 1 0 1 1 1 1 1 0 0 1 1 1 0 1 1 0 1 1 1 0 0 0 1 1 0
435 0 0 1 1 1 1 1 1 0 1 1 1 1 1 1 1 1 0 1 1 0 0 1 1 0 0 0
1071 0 1 1 0 1 1 1 1 1 1 1 1 1 1 0 0 1 1 1 1 1 1 1 1 1 1 1
1468 1 1 0 1 0 0 1 1 1 1 1 1 0 0 1 1 0 0 1 1 1 0 1 1 0 1 1
320 0 0 1 0 1 1 1 0 0 0 0 0 1 0 0 1 0 0 1 1 0 1 0 0 0 0 1
198 0 1 1 1 1 1 1 0 0 0 0 0 1 1 1 0 0 0 0 1 1 0 0 0 0 1 1
2462 0 1 1 1 -99 -99 1 0 0 0 0 0 1 1 1 0 0 0 1 1 0 1 1 0 1 1 1
233 0 1 1 1 0 0 1 1 1 1 0 0 1 1 1 0 0 0 1 0 0 1 0 0 1 1 0
546 -99 -99 1 1 -99 -99 1 -99 -99 1 -99 -99 1 -99 -99 1 -99 -99 1 -99 -99 1 -99 -99 -99 -99 1
1760 0 1 1 0 0 1 0 1 1 1 1 1 1 1 1 1 1 1 1 1 1 0 1 1 1 1 0
392 0 0 1 1 1 1 1 1 1 0 1 1 1 1 1 0 1 1 1 1 1 1 1 0 1 1 1
1152 1 1 1 1 1 0 0 0 0 0 0 0 0 0 0 0 0 1 1 1 1 1 1 1 0 0 0
499 1 1 0 1 0 0 1 1 1 1 1 1 1 1 1 0 0 0 0 1 1 1 1 0 1 1 1
664 1 1 0 0 0 0 1 1 1 0 1 1 0 0 1 0 0 0 1 1 1 1 1 0 0 0 0
725 1 1 0 1 1 1 1 1 1 1 1 0 1 1 0 0 1 1 1 1 1 0 1 1 1 1 0
146 1 1 0 1 1 1 1 1 0 0 1 1 0 1 1 0 0 0 1 1 1 0 1 1 0 0 1
855 1 0 0 1 0 0 1 1 0 0 0 1 1 1 1 0 0 0 1 1 0 0 0 0 0 0 1
1735 1 1 0 1 1 1 1 1 0 0 0 1 1 1 0 0 0 1 1 1 1 0 0 1 1 0 0
315 1 1 0 1 1 1 0 1 1 -99 -99 -99 1 1 1 0 0 0 1 1 1 -99 -99 -99 0 0 1
407 0 0 1 1 0 0 0 0 0 0 0 1 1 1 0 0 0 0 1 1 1 0 0 1 1 1 1
760 -99 -99 -99 -99 -99 -99 -99 -99 -99 -99 -99 -99 -99 -99 -99 -99 -99 -99 -99 -99 -99 -99 -99 -99 -99 -99 -99
2601 0 0 1 1 1 0 1 1 0 1 0 0 1 1 0 1 0 0 0 1 1 1 1 0 1 1 0
216 -99 -99 -99 -99 -99 -99 -99 -99 -99 -99 -99 -99 -99 -99 -99 -99 -99 -99 -99 -99 -99 -99 -99 -99 -99 -99 -99
1992 1 1 1 0 0 0 1 1 1 1 1 1 1 1 0 0 0 0 1 1 1 1 1 1 1 1 1
2274 1 1 1 0 0 0 1 1 1 0 0 0 0 0 1 1 1 1 1 1 1 0 0 1 1 1 1
516 1 1 0 1 1 1 1 1 1 0 1 1 0 1 1 0 0 1 0 1 1 0 1 1 0 0 0
831 0 0 1 1 1 0 0 1 1 0 0 1 1 1 0 1 1 1 0 1 1 0 0 0 0 0 1
1971 0 1 1 0 0 0 1 1 1 1 0 0 1 1 1 1 1 0 1 1 1 0 0 0 1 1 1
642 1 1 1 1 1 0 1 1 1 1 1 0 1 1 1 0 0 1 0 1 1 1 1 0 1 1 0
2774 1 1 1 1 0 0 1 1 1 1 1 0 1 1 1 0 0 0 0 1 1 0 0 1 1 1 1
242 -99 -99 -99 -99 -99 -99 -99 -99 -99 -99 -99 -99 -99 -99 -99 -99 -99 -99 -99 -99 -99 -99 -99 -99 -99 -99 -99
363 0 1 1 1 0 0 -99 1 -99 1 1 0 1 1 1 0 0 0 1 1 0 0 0 0 1 1 0
588 1 0 0 0 1 1 0 0 1 1 1 1 1 1 1 1 1 1 1 1 1 1 0 0 1 1 1
322 1 1 1 1 1 0 1 1 1 1 1 0 1 1 1 0 0 1 0 1 1 1 1 0 1 1 0
342 0 1 1 0 1 1 1 1 1 0 1 1 1 1 1 0 1 1 0 1 1 0 1 1 1 1 1
317 0 0 1 1 1 0 0 0 1 0 0 1 1 1 1 0 0 0 1 1 0 1 0 0 0 1 1
390 0 1 1 1 0 0 1 1 0 1 0 0 1 1 1 0 0 0 1 1 0 1 1 0 0 1 1
356 1 1 1 1 0 0 1 0 0 1 0 0 1 0 0 1 1 1 0 1 1 0 1 1 1 0 0
933 1 1 1 1 0 0 1 1 0 1 1 0 1 1 1 0 0 1 1 1 1 0 0 0 1 1 1
288 0 1 1 0 1 1 0 1 1 0 1 1 0 1 1 0 1 1 1 1 1 1 1 1 0 1 1
678 1 1 1 1 1 1 1 1 1 1 1 1 1 1 1 1 1 1 1 1 1 1 1 1 1 1 1
658 1 1 1 1 1 0 0 1 1 1 1 1 1 1 1 1 0 0 1 1 1 1 1 0 1 1 1
696 0 1 1 1 1 1 0 1 1 1 1 1 1 1 1 0 1 1 1 1 1 0 1 1 1 1 1
637 1 1 1 1 1 0 0 0 0 1 1 1 1 1 0 1 1 1 1 1 1 1 1 1 1 1 1
1415 -99 -99 -99 -99 -99 -99 -99 -99 -99 -99 -99 -99 -99 -99 -99 -99 -99 -99 -99 -99 -99 -99 -99 -99 -99 -99 -99
2425 1 1 0 1 1 0 1 1 1 1 1 0 1 1 0 1 1 1 1 1 1 1 1 0 0 0 0
247 1 1 1 1 0 0 1 1 1 1 0 0 1 1 1 0 0 0 1 1 1 0 1 1 1 1 0
468 1 1 0 1 1 0 1 0 0 0 0 0 0 1 1 1 0 0 0 0 0 -99 -99 0 1 -99 -99
620 0 1 1 -99 -99 -99 1 1 1 0 1 1 0 -99 -99 0 1 1 1 1 1 1 1 1 1 1 1
974 1 1 0 1 1 1 0 0 1 1 1 1 0 1 1 0 0 1 1 1 1 0 0 1 0 0 1
373 0 0 0 0 0 1 0 1 1 1 0 0 0 1 1 1 1 1 1 1 1 0 1 1 1 1 0
1107 0 1 1 0 1 1 0 1 1 0 1 1 0 1 1 0 1 1 0 1 1 0 1 1 0 1 1
2156 0 1 1 1 1 0 1 0 0 1 1 0 1 0 0 0 0 1 1 1 1 1 1 0 0 1 1
142 1 1 1 0 1 1 0 1 1 0 0 0 1 1 0 0 0 0 1 1 1 0 0 1 0 1 1
1008 0 1 1 1 1 0 0 1 1 1 0 0 1 1 1 1 1 1 1 1 1 1 1 1 1 1 1
2547 1 0 0 1 0 0 0 0 1 1 1 0 0 0 1 0 1 1 0 0 1 1 0 0 1 0 0
165 0 1 1 1 1 1 -99 -99 -99 0 1 1 1 1 1 0 1 1 0 1 1 -99 -99 -99 0 1 1
469 0 1 1 1 1 0 1 1 1 1 1 0 1 1 1 0 0 0 1 1 0 0 0 1 1 1 1
727 1 1 1 1 1 0 1 1 1 0 0 0 1 1 1 0 0 1 1 1 1 1 0 0 1 1 1
274 0 1 1 1 0 0 0 1 1 1 0 0 0 1 1 0 1 1 1 0 0 0 1 1 0 1 1
1894 1 1 1 1 1 0 1 1 1 1 1 1 1 1 0 0 0 1 1 1 1 1 1 1 0 0 1
143 1 1 1 1 0 0 1 1 0 1 0 0 1 1 0 1 1 0 1 0 0 0 0 1 1 1 0
361 0 0 1 1 0 0 1 0 0 1 0 0 1 1 0 0 0 0 0 0 1 0 1 1 0 0 1
355 0 1 1 0 0 1 1 1 0 0 0 1 1 1 1 0 0 0 1 1 1 0 0 1 1 1 1
967 0 1 1 1 0 0 0 1 1 1 1 0 1 1 1 0 0 0 1 1 1 0 0 1 1 1 0
182 0 0 1 0 1 1 0 1 1 0 1 1 0 1 1 0 1 1 0 1 1 0 1 1 0 0 0
255 1 1 1 1 1 1 1 1 1 1 1 0 1 1 1 0 0 0 1 1 1 0 1 1 1 1 1
837 1 1 0 1 1 0 1 1 1 1 1 1 1 1 1 0 0 0 1 1 0 0 1 1 0 1 1
1684 0 1 1 1 1 1 0 0 0 1 1 1 0 1 1 0 0 0 1 1 1 -99 -99 -99 1 0 0
607 1 1 1 1 0 0 0 1 1 1 1 1 0 1 1 1 1 0 0 0 0 1 1 1 0 1 1
1820 1 1 1 1 0 0 0 1 1 1 1 0 0 1 1 0 0 1 0 1 1 0 1 1 1 1 1
118 1 1 1 1 1 0 1 1 1 0 0 0 1 1 0 0 0 1 1 1 1 1 1 0 1 1 1
2054 1 1 1 0 1 1 0 0 1 0 0 0 0 1 1 0 0 0 1 1 0 0 0 0 0 1 1
207 0 0 1 0 1 1 1 1 1 1 0 0 0 1 1 0 1 1 0 0 1 1 1 0 1 1 0
712 1 1 1 1 1 0 1 1 0 1 0 0 1 1 0 0 0 1 1 1 1 1 1 1 1 1 0
1788 1 1 1 1 1 1 1 1 0 1 0 0 0 1 1 0 0 0 1 1 1 0 0 1 1 1 1
183 0 0 0 0 0 1 0 0 0 0 1 1 1 1 1 1 1 0 1 1 1 1 1 1 1 1 1
218 1 1 1 1 1 1 1 1 1 1 0 0 1 1 1 0 1 1 1 1 1 1 1 1 1 1 1
2501 0 1 1 1 1 0 1 1 1 1 0 0 0 1 1 0 0 1 0 1 1 1 0 0 0 1 1
117 0 1 1 1 1 0 0 1 1 0 1 1 0 1 1 1 1 1 0 1 1 0 0 1 0 1 1
751 1 1 0 1 1 0 1 1 0 1 0 0 1 1 1 1 0 0 1 1 0 0 0 1 0 0 0
660 0 1 1 0 0 1 0 0 1 0 1 1 0 0 1 0 0 0 1 1 0 1 1 0 0 1 1
1993 0 0 1 1 1 0 0 1 1 1 0 0 1 1 0 0 0 0 1 0 0 1 1 0 1 1 1
131 1 1 0 1 1 0 0 1 1 1 1 1 1 1 1 0 0 1 1 1 1 1 1 0 1 1 0
404 0 0 1 1 1 1 0 0 0 0 0 0 1 1 0 1 1 1 1 1 1 1 1 1 1 0 0
1245 0 1 1 1 1 0 0 0 1 1 1 0 0 0 0 0 1 1 0 1 1 0 1 1 0 0 1
296 1 1 1 1 1 1 1 -99 -99 1 1 1 0 1 1 1 1 1 1 1 1 1 1 1 1 1 1
2511 0 0 1 1 1 0 1 1 1 1 1 1 1 1 1 0 0 1 1 1 1 1 1 1 1 1 1
121 1 1 1 1 1 0 1 1 1 1 1 1 0 1 1 1 1 0 1 1 1 1 1 0 1 1 0
204 1 0 0 1 1 0 0 1 1 0 1 1 0 0 0 1 1 0 1 1 0 0 1 1 0 0 1
357 0 0 1 1 0 0 1 1 0 0 1 1 0 0 1 0 1 1 0 0 1 1 1 0 0 1 1
152 0 0 1 0 0 1 0 1 1 0 1 1 0 1 1 0 1 1 1 0 0 1 0 0 0 0 0
2008 1 1 1 1 1 1 1 1 1 1 1 1 0 1 1 1 1 1 0 1 1 1 1 1 1 1 1
2327 0 0 1 1 1 1 0 1 1 0 1 1 1 1 1 1 1 1 1 1 0 0 1 1 0 1 1
648 1 1 1 0 1 1 1 1 1 0 0 1 1 1 1 0 0 0 1 1 1 0 0 1 0 1 1
1974 1 1 1 1 1 0 1 1 1 1 0 0 1 1 0 0 0 0 1 1 0 1 1 0 1 1 1
2815 0 1 1 0 0 0 1 1 0 1 1 0 1 1 1 1 0 0 1 1 0 0 1 1 1 1 1
1743 0 1 1 1 1 1 1 1 0 1 0 0 1 1 1 0 0 0 1 1 1 0 1 1 1 1 0
2481 1 1 0 0 0 1 1 1 1 1 1 1 0 0 1 0 0 0 0 1 1 1 0 0 1 0 0
2202 0 0 1 1 1 0 1 1 1 1 1 0 1 1 0 0 0 0 1 1 1 1 1 0 1 1 1
1838 1 1 1 1 1 0 1 1 1 1 0 0 1 1 1 0 0 0 1 1 1 1 1 0 0 1 1
1509 1 0 0 0 1 1 0 1 1 0 0 1 1 1 0 1 1 0 1 1 1 0 1 1 0 0 0
2515 0 1 1 0 0 1 1 1 1 1 1 1 1 1 0 0 0 0 0 1 1 0 1 1 1 1 1
1544 0 1 1 1 1 0 1 1 0 1 0 0 1 1 1 0 0 0 0 1 1 1 0 0 1 1 0
2703 1 1 1 1 0 0 1 1 1 1 0 0 1 1 1 0 0 1 1 1 1 1 0 0 1 1 1
1810 0 0 1 0 1 1 0 1 1 1 1 1 0 1 1 0 0 1 1 1 1 0 1 1 1 1 1
2520 1 1 1 0 0 1 0 0 1 1 1 1 1 1 1 0 0 0 1 0 0 0 0 1 1 1 1
2743 0 -99 -99 0 -99 -99 0 -99 -99 0 -99 -99 0 -99 -99 -99 0 -99 0 -99 -99 -99 1 -99 0 -99 -99
2040 1 1 1 1 1 1 1 1 0 0 0 1 1 1 1 0 0 0 1 1 0 1 1 1 1 1 0
2166 0 1 1 1 0 0 1 1 1 1 0 0 1 1 0 0 0 1 1 1 1 0 0 1 1 1 1
2726 0 1 1 1 1 0 1 1 1 1 0 0 1 1 1 -99 -99 -99 1 1 1 1 1 0 1 1 1
1797 1 1 1 1 1 0 0 0 0 1 1 0 1 1 0 0 0 1 0 1 1 1 1 1 1 0 0
1772 1 1 1 1 1 0 1 1 1 1 1 0 0 1 1 0 0 0 0 1 1 1 1 1 1 1 1
2638 0 0 1 1 1 1 1 1 1 1 1 1 1 1 1 1 1 1 1 1 1 1 1 1 1 1 1
2459 0 0 1 1 1 0 1 0 0 1 1 1 1 1 0 0 0 0 1 1 1 1 1 1 1 0 0
2328 1 1 1 0 0 0 1 0 0 1 1 0 1 1 0 0 0 0 1 0 0 0 0 1 1 1 1
2411 0 0 1 0 1 1 0 1 1 0 1 1 0 1 1 0 1 1 0 0 0 1 0 0 0 1 1
2593 0 0 1 1 1 0 0 1 1 0 0 1 1 1 1 0 0 1 1 1 0 1 1 1 0 0 1
2222 0 1 1 0 0 1 1 1 0 1 0 0 1 1 0 0 0 0 1 1 1 1 1 0 1 1 1
1739 1 1 0 1 0 0 0 0 1 0 1 1 0 1 1 1 1 1 1 1 1 1 1 1 0 1 1
1825 1 1 1 1 0 0 1 1 1 1 1 0 1 1 1 0 0 1 1 1 0 1 1 0 1 1 1
1467 1 1 1 1 1 0 1 1 0 1 1 1 1 1 0 0 0 0 1 1 1 1 1 0 1 1 1
2558 1 1 1 1 1 1 1 1 0 1 1 1 1 1 1 0 0 1 0 1 1 1 1 0 1 1 0
1794 0 0 1 0 0 0 0 0 1 1 0 0 1 1 0 0 0 0 0 1 1 1 1 0 0 0 0
2713 0 1 1 1 1 0 0 0 0 0 1 1 1 0 0 0 0 0 0 1 1 1 1 1 0 0 0
2298 0 1 1 1 1 0 1 1 0 1 0 0 1 1 0 1 1 1 0 1 1 0 0 0 1 0 0
1537 1 1 1 1 1 0 1 1 1 1 0 0 1 1 1 1 0 0 1 1 1 1 1 0 1 1 1
1547 1 1 1 0 0 0 1 1 1 1 1 0 0 0 1 0 0 0 0 1 1 0 0 0 1 1 1
2367 -99 0 -99 1 0 0 0 0 1 0 1 1 0 1 1 0 0 1 1 1 0 0 0 0 0 0 0
2058 0 0 1 0 1 1 0 1 1 0 1 1 0 1 1 0 1 1 0 0 1 0 1 1 0 0 1
1683 1 1 0 0 0 0 1 1 1 1 0 0 1 1 1 0 0 1 1 1 0 1 1 1 1 1 1
2082 1 1 1 1 1 0 1 1 1 1 1 0 1 1 0 1 1 1 1 1 1 1 1 0 1 0 0
2317 -99 -99 -99 -99 -99 -99 -99 -99 -99 -99 -99 -99 -99 -99 -99 -99 -99 -99 -99 -99 -99 -99 -99 -99 0 -99 -99
2219 -99 -99 -99 1 1 1 -99 -99 -99 0 0 1 1 1 1 -99 -99 -99 -99 -99 -99 0 0 0 1 1 1
1584 0 1 1 1 1 0 1 1 1 1 0 0 0 1 1 0 0 1 1 1 1 1 1 0 1 1 0
2080 0 1 1 1 0 0 1 1 0 1 1 0 0 1 1 1 1 1 1 1 0 0 0 0 0 1 1
1432 1 1 1 1 0 0 0 1 1 1 1 0 1 1 1 1 0 0 0 1 1 1 1 0 1 1 1
1376 0 1 1 1 1 0 0 0 1 1 1 0 1 1 0 0 0 1 0 0 1 1 1 0 0 0 1
2102 1 1 1 1 1 0 0 1 1 1 0 0 1 1 0 0 0 0 1 1 1 1 0 0 1 1 1
1920 0 1 1 0 0 0 1 1 1 1 0 0 1 1 0 0 0 0 1 1 1 0 0 0 1 1 0
2569 1 1 1 0 0 0 0 0 1 1 1 0 1 1 1 1 0 0 1 1 0 1 1 0 1 1 1
1587 0 0 1 -99 -99 -99 1 1 1 0 0 0 0 1 1 0 0 1 0 0 1 0 0 1 1 1 1
1369 0 0 1 1 0 0 0 1 1 0 0 1 1 1 0 1 1 1 0 0 1 1 1 1 1 1 0
2727 1 1 0 1 1 0 1 1 1 1 1 0 0 0 0 0 1 1 0 0 0 0 0 0 1 1 1
2067 1 1 1 0 1 1 1 1 0 0 0 0 1 1 1 0 0 0 1 1 1 0 0 0 1 1 1
2472 0 -99 -99 0 -99 -99 1 -99 -99 1 -99 -99 -99 0 -99 0 -99 -99 1 -99 -99 1 -99 -99 1 0 0
2530 -99 -99 0 -99 -99 0 0 -99 -99 0 -99 -99 1 -99 -99 0 -99 -99 1 -99 -99 1 -99 -99 -99 -99 0
1321 1 1 1 1 1 1 1 1 1 1 1 0 1 1 1 1 0 0 0 1 1 1 1 0 1 0 0
2682 0 1 1 0 0 0 1 1 0 1 0 0 1 1 1 0 0 0 1 1 1 0 1 1 1 1 1
2639 0 1 1 1 0 0 1 1 0 0 1 1 0 0 1 0 0 1 0 1 1 0 1 1 0 0 0
1626 -99 -99 -99 -99 -99 -99 -99 -99 -99 -99 -99 -99 -99 -99 -99 -99 -99 -99 -99 -99 -99 -99 -99 -99 -99 -99 -99
1455 1 1 1 1 1 0 1 1 0 1 0 0 1 1 1 0 0 1 1 1 1 1 1 1 1 1 0
2704 1 1 1 0 0 0 1 1 1 1 1 0 0 1 1 0 0 0 1 1 1 0 0 0 1 1 1
2017 1 1 1 1 1 1 1 1 0 0 0 1 1 1 1 1 1 0 1 1 0 0 0 1 1 1 1
1374 0 -99 -99 1 1 1 -99 -99 -99 -99 -99 -99 -99 1 -99 -99 -99 -99 -99 1 -99 -99 -99 -99 -99 -99 -99
1980 0 0 1 1 1 1 0 0 1 1 1 0 0 1 1 0 0 0 0 0 1 1 1 1 0 0 0
1583 0 1 1 0 1 1 0 1 1 0 1 1 0 1 1 0 1 1 0 1 1 0 1 1 0 1 1
1340 1 1 1 0 0 1 1 1 1 0 0 0 1 1 1 0 0 0 1 1 0 0 0 1 0 1 1
2123 0 1 1 1 1 0 1 1 1 1 1 0 1 1 1 0 0 0 1 1 1 0 0 0 1 1 1
1525 0 1 1 1 0 0 1 0 0 1 0 0 1 1 1 1 1 1 1 1 0 1 1 0 1 1 1
1802 0 1 1 0 0 0 1 1 1 1 0 0 1 1 1 0 0 0 0 1 1 1 0 0 1 1 1
1493 0 1 1 0 0 0 0 0 0 1 0 0 0 0 0 1 0 0 0 1 1 0 0 0 0 0 0
1487 1 1 0 0 0 0 1 1 1 1 1 0 0 0 0 0 0 0 1 1 1 0 0 0 0 0 1
1753 1 1 1 1 0 0 0 0 1 1 0 0 1 1 0 1 0 0 0 0 0 0 0 0 0 1 1
2729 0 1 1 1 1 1 1 1 1 0 1 1 1 1 1 1 1 0 0 1 1 1 1 1 1 0 0
1423 0 1 1 1 1 0 1 1 1 1 0 0 1 1 0 0 0 0 1 1 1 0 0 1 1 1 1
1378 1 1 0 1 0 0 1 1 1 0 1 1 0 0 1 0 0 0 0 1 1 1 0 0 0 0 1
1577 0 0 0 0 0 0 0 0 0 0 0 0 0 0 1 0 0 0 0 0 1 0 0 0 0 0 0
1738 0 1 1 1 1 0 1 1 1 0 0 0 1 0 0 0 1 1 1 1 0 1 1 1 0 1 1
1458 0 1 1 1 0 0 1 1 1 1 1 0 1 1 1 0 0 0 1 1 1 0 0 0 1 1 1
1860 1 0 0 1 1 1 1 1 1 1 1 1 1 1 1 1 1 1 1 1 1 0 1 1 1 1 1
1620 1 1 1 1 0 0 1 1 1 1 1 0 1 1 1 0 0 0 1 1 1 1 1 1 1 1 1
1720 1 -99 -99 1 1 1 1 1 1 1 -99 -99 1 1 1 0 -99 -99 -99 -99 1 1 1 1 0 1 1
1964 0 1 1 1 0 0 1 1 1 1 1 0 1 1 1 1 1 0 1 1 0 1 1 0 0 1 1
1382 1 1 1 1 1 1 1 1 1 1 1 0 1 1 1 1 1 0 1 1 1 0 0 1 0 0 1
1410 0 1 1 0 1 1 1 1 1 1 1 1 0 1 1 0 1 1 1 -99 -99 0 1 1 0 1 1
1513 0 1 1 1 0 0 1 1 1 1 1 0 1 1 1 1 1 1 1 1 1 0 0 1 0 0 1
1695 1 1 1 1 1 1 1 1 1 1 1 1 1 1 0 0 0 0 1 1 0 0 1 1 1 1 1
2060 0 1 1 1 1 0 1 1 1 0 0 0 0 1 1 0 0 0 0 1 1 0 0 0 1 1 0
1885 1 1 1 1 1 0 1 1 1 1 1 0 1 1 1 0 0 1 1 1 1 0 1 1 0 0 1
1400 1 1 1 1 1 1 1 1 1 0 1 1 0 1 1 0 0 1 0 1 1 1 1 1 0 1 1
2529 0 1 1 1 0 0 1 1 1 0 0 0 1 1 0 0 0 0 0 0 1 0 1 1 0 0 0
2284 0 1 1 0 1 1 1 1 1 1 1 0 0 1 1 1 0 0 1 1 0 1 1 0 0 1 1
1832 -99 -99 -99 -99 -99 -99 -99 -99 -99 -99 -99 -99 -99 -99 -99 -99 -99 -99 -99 -99 -99 -99 -99 -99 -99 -99 -99
1560 1 1 1 1 1 0 1 1 1 1 0 0 1 1 1 0 0 0 1 1 1 1 0 0 1 1 1
1322 1 1 1 1 1 1 1 1 1 1 1 1 1 1 1 1 1 1 1 1 1 1 0 0 0 0 0
1627 0 1 1 1 1 0 0 1 1 1 1 0 1 1 0 1 1 1 1 1 0 1 1 0 1 1 0
1465 1 1 1 1 1 0 -99 -99 -99 1 0 0 1 1 1 0 0 0 1 1 1 1 0 0 1 1 1
1488 1 1 1 1 1 1 1 1 1 1 1 1 1 1 1 1 1 1 1 1 1 1 1 1 1 1 1
1508 0 1 1 1 1 0 1 1 1 1 0 0 1 1 1 0 0 1 1 1 1 1 1 0 1 1 0
2009 0 1 1 0 0 0 1 1 1 1 1 0 0 0 1 0 0 0 1 1 1 1 1 0 1 1 1
1690 1 1 1 1 1 0 1 1 0 1 1 0 0 1 1 0 0 0 1 1 1 1 0 0 1 1 1
1778 0 0 1 0 0 0 1 1 1 1 0 0 1 1 0 1 0 0 1 1 0 0 0 1 1 1 0
1661 0 1 1 1 1 1 1 1 1 1 0 0 1 1 1 0 0 0 1 1 1 1 0 0 0 0 0
1965 1 1 1 1 1 0 1 1 0 1 1 1 1 1 1 0 0 1 0 1 1 1 1 0 0 1 1
2494 0 1 1 1 1 1 0 0 1 1 0 0 1 1 1 0 0 0 1 1 1 1 1 0 1 1 1
1395 0 1 1 1 1 1 1 1 1 1 1 1 0 1 1 1 1 1 0 1 1 1 1 1 0 1 1
1333 0 1 1 0 0 0 1 1 1 0 0 1 0 0 0 1 0 0 0 0 0 0 0 1 1 1 1
1354 0 1 1 1 1 0 0 0 1 0 0 0 1 1 1 0 0 1 0 1 1 1 1 0 1 1 0
1377 0 1 1 1 -99 -99 0 1 1 1 1 0 0 0 0 0 0 1 1 0 0 1 1 1 1 0 0
1356 0 1 1 1 1 1 1 1 1 1 1 1 1 1 1 1 1 1 0 1 1 1 1 1 0 1 1
1475 1 1 1 1 1 0 1 0 0 1 1 1 0 1 1 0 0 0 0 0 1 1 1 1 1 1 1
1363 0 0 1 1 0 0 1 0 0 1 1 0 0 0 0 0 0 0 1 1 1 0 1 1 0 0 0
1359 0 0 0 1 0 0 0 0 1 1 1 0 1 1 0 0 0 1 0 1 1 0 1 1 1 0 0
2744 0 1 1 1 1 0 0 1 1 1 1 1 1 1 1 1 1 1 1 1 1 1 1 0 1 1 0
1942 0 1 1 1 0 0 1 1 1 0 0 1 0 1 1 0 0 1 0 1 1 1 0 0 1 1 1
1319 -99 -99 -99 -99 -99 -99 -99 -99 -99 -99 -99 -99 -99 -99 -99 -99 -99 -99 -99 -99 -99 -99 -99 -99 -99 -99 -99
1336 0 1 1 0 1 1 0 1 1 0 1 1 1 1 1 0 0 1 0 1 1 0 1 1 0 1 1
1392 0 0 1 0 1 1 0 1 1 0 1 1 0 1 1 0 1 1 0 1 1 1 0 0 0 1 1
1368 0 1 1 0 1 1 0 1 1 0 1 1 0 1 1 0 1 1 0 1 1 0 1 1 0 1 1
1408 0 1 1 0 1 1 0 1 1 1 1 0 0 0 1 0 1 1 0 1 1 0 1 1 0 0 1
1337 0 1 1 1 1 0 1 1 1 1 0 0 0 1 1 0 0 0 0 0 0 1 1 1 1 1 0
1589 0 1 1 1 1 1 1 1 1 1 1 1 1 1 1 1 1 1 1 1 1 1 1 1 1 1 1
1495 0 1 1 1 1 0 1 1 1 -99 0 -99 1 1 0 0 0 0 1 1 1 -99 0 -99 1 1 0
1360 0 0 1 1 0 0 0 0 0 1 1 1 1 1 0 1 1 1 1 1 1 1 -99 -99 0 1 1
1318 0 1 1 1 0 0 1 1 1 1 0 0 1 1 0 1 1 0 1 1 1 0 0 1 0 1 1
1397 1 1 1 1 1 0 1 1 0 1 1 0 1 1 1 0 1 1 1 1 1 1 1 1 1 1 0
1351 1 1 1 1 1 1 1 1 1 1 1 1 1 1 1 1 1 1 1 1 1 1 1 1 1 1 1
1888 0 1 1 0 0 0 1 1 1 1 1 1 1 1 0 0 0 0 1 1 1 0 0 1 1 1 1
1386 1 1 1 0 0 0 1 1 1 1 0 0 1 1 0 0 0 0 0 1 1 1 1 0 1 1 1
1370 1 1 1 1 1 1 1 1 1 1 1 1 1 1 1 1 1 1 1 1 1 1 1 1 1 1 1
1494 1 1 1 1 1 0 1 0 0 1 0 0 1 1 1 0 0 0 1 1 1 1 0 0 0 0 1
1484 1 0 0 0 1 1 0 0 1 0 0 1 0 1 1 0 1 1 1 1 0 0 1 1 1 1 1
1412 1 1 1 1 1 0 1 1 1 1 1 0 1 1 0 0 0 0 1 1 1 0 0 1 0 0 0
1310 1 1 1 1 0 0 1 1 1 1 1 0 0 1 1 1 1 0 1 1 1 0 1 1 1 1 1
1511 0 1 1 0 0 0 1 1 1 1 1 1 1 1 1 0 0 1 1 1 0 0 0 0 1 1 1
2716 1 1 1 1 0 0 1 1 0 1 1 0 1 1 1 0 0 0 1 1 1 1 1 0 0 0 1
1416 0 1 1 1 1 0 0 0 1 1 0 0 1 1 0 0 0 1 0 1 1 1 1 1 1 1 1
2644 0 0 0 1 1 0 0 0 1 1 0 0 1 0 0 0 1 1 1 1 0 1 1 0 0 0 0
1327 -99 -99 -99 1 1 1 0 1 1 -99 -99 -99 -99 -99 -99 0 0 1 0 1 1 0 0 0 1 1 1
1312 1 1 1 1 1 1 0 0 1 0 0 0 1 1 1 0 0 0 1 0 0 0 0 0 1 1 1
1364 1 1 1 1 1 0 1 1 1 1 0 0 1 1 1 0 0 0 1 1 1 0 1 1 1 1 1
1442 1 1 1 0 0 0 0 1 1 1 0 0 1 1 1 1 1 0 1 1 0 0 0 1 0 1 1
